 # Time Pressure(1--dim) Viscous(1--dim) Total(1--dim)
    0.020000    0.001274    0.000000    0.000190   -0.000000    0.001464    0.000000
    0.040000    0.005041    0.000000    0.000430   -0.000000    0.005470    0.000000
    0.060000    0.010861   -0.000000    0.000807    0.000000    0.011669   -0.000000
    0.080000    0.019609   -0.000000    0.001398    0.000000    0.021007   -0.000000
    0.100000    0.032532   -0.000001    0.002311   -0.000000    0.034843   -0.000001
    0.120000    0.051717    0.000001    0.003693   -0.000000    0.055411    0.000001
    0.140000    0.080101    0.000001    0.005738   -0.000000    0.085840    0.000001
    0.160000    0.121249    0.000004    0.008701   -0.000001    0.129950    0.000003
    0.180000    0.179802    0.000015    0.012910   -0.000001    0.192712    0.000014
    0.200000    0.261478    0.000021    0.018764   -0.000001    0.280242    0.000020
    0.220000    0.372973    0.000026    0.026740   -0.000001    0.399713    0.000025
    0.240000    0.521803    0.000026    0.037390   -0.000001    0.559193    0.000025
    0.260000    0.715963    0.000026    0.051305   -0.000001    0.767268    0.000025
    0.280000    0.963989    0.000044    0.069078    0.000000    1.033067    0.000044
    0.300000    1.272514    0.000074    0.091309    0.000001    1.363823    0.000074
    0.320000    1.648414    0.000097    0.118489    0.000003    1.766903    0.000100
    0.340000    2.094282    0.000189    0.150965    0.000002    2.245247    0.000191
    0.360000    2.610175    0.000275    0.188947    0.000014    2.799122    0.000289
    0.380000    3.191735    0.000449    0.232206    0.000041    3.423941    0.000490
    0.400000    3.830571    0.000602    0.280360    0.000082    4.110930    0.000684
    0.420000    4.504826    0.000175    0.332383   -0.000032    4.837209    0.000143
    0.440000    5.193101    0.000815    0.388605   -0.000148    5.581706    0.000667
    0.460000    5.899769   -0.001696    0.448598   -0.000103    6.348367   -0.001799
    0.480000    6.562251    0.001438    0.505834   -0.000008    7.068086    0.001429
    0.500000    7.145002   -0.000149    0.559827   -0.000688    7.704829   -0.000837
    0.520000    7.635344    0.002400    0.620231   -0.001534    8.255575    0.000866
    0.540000    8.049003    0.012038    0.666072   -0.001344    8.715076    0.010694
    0.560000    8.269187    0.009660    0.712345   -0.000129    8.981532    0.009531
    0.580000    8.410238   -0.001560    0.748071    0.001054    9.158309   -0.000505
    0.600000    8.431178   -0.001947    0.782425    0.000554    9.213603   -0.001393
    0.620000    8.323978   -0.015831    0.794519    0.002062    9.118497   -0.013769
    0.640000    8.024382   -0.016538    0.815454    0.001606    8.839836   -0.014932
    0.660000    7.615774    0.034576    0.821916   -0.003148    8.437690    0.031427
    0.680000    7.217201    0.019523    0.817578    0.000648    8.034779    0.020171
    0.700000    6.664333    0.023113    0.812085   -0.001477    7.476419    0.021636
    0.720000    6.131562    0.008921    0.794281   -0.001044    6.925843    0.007877
    0.740000    5.677365   -0.007134    0.777038   -0.000217    6.454403   -0.007351
    0.760000    5.130325    0.030903    0.754359   -0.002225    5.884684    0.028678
    0.780000    4.636277    0.027913    0.729519   -0.002236    5.365796    0.025678
    0.800000    4.135704    0.052988    0.707645   -0.004883    4.843349    0.048105
    0.820000    3.719310    0.023013    0.685366   -0.007958    4.404676    0.015055
    0.840000    3.396483   -0.087979    0.661397   -0.001544    4.057880   -0.089524
    0.860000    3.111857   -0.090085    0.643808   -0.000771    3.755664   -0.090856
    0.880000    2.986424   -0.042973    0.612196   -0.000829    3.598620   -0.043802
    0.900000    2.736794   -0.078753    0.596762   -0.001603    3.333556   -0.080356
    0.920000    2.619957    0.003691    0.571744   -0.001934    3.191701    0.001757
    0.940000    2.464073   -0.007460    0.555971   -0.001032    3.020044   -0.008493
    0.960000    2.312363    0.010351    0.542018   -0.001920    2.854382    0.008432
    0.980000    2.261378   -0.032015    0.526453   -0.004819    2.787831   -0.036834
    1.000000    2.204364   -0.017386    0.511506   -0.003387    2.715870   -0.020774
    1.020000    2.125948   -0.004918    0.496209   -0.002343    2.622156   -0.007261
    1.040000    2.065776   -0.052744    0.487559    0.001686    2.553335   -0.051057
    1.060000    2.035900    0.006451    0.467455    0.001305    2.503355    0.007756
    1.080000    2.008502    0.063804    0.460479    0.002393    2.468981    0.066197
    1.100000    2.003939    0.110527    0.447725   -0.007305    2.451665    0.103222
    1.120000    1.953178    0.057495    0.438138   -0.002800    2.391316    0.054694
    1.140000    1.948052    0.022114    0.428313   -0.003105    2.376365    0.019008
    1.160000    1.905282   -0.028782    0.415888   -0.004506    2.321170   -0.033289
    1.180000    1.863369   -0.075047    0.409754    0.001083    2.273123   -0.073963
    1.200000    1.848388    0.002677    0.406898   -0.000154    2.255286    0.002523
    1.220000    1.850696   -0.044713    0.401521    0.001421    2.252217   -0.043292
    1.240000    1.887221   -0.037521    0.394691    0.003709    2.281913   -0.033812
    1.260000    1.876036    0.075307    0.388382   -0.001881    2.264418    0.073426
    1.280000    1.850640    0.002176    0.384239    0.003464    2.234880    0.005640
    1.300000    1.860389    0.028571    0.378162    0.001869    2.238551    0.030439
    1.320000    1.873654   -0.049651    0.374836    0.002769    2.248490   -0.046881
    1.340000    1.884147   -0.108046    0.364098    0.003618    2.248245   -0.104428
    1.360000    1.832502   -0.039402    0.359149    0.002687    2.191651   -0.036715
    1.380000    1.796238   -0.058215    0.352973    0.004510    2.149211   -0.053705
    1.400000    1.785197    0.037564    0.347861    0.003974    2.133058    0.041538
    1.420000    1.782867   -0.023981    0.347395    0.003994    2.130262   -0.019987
    1.440000    1.779053   -0.016921    0.342775    0.007455    2.121828   -0.009466
    1.460000    1.745504    0.013612    0.337743    0.003712    2.083247    0.017323
    1.480000    1.766865    0.012688    0.336296    0.004950    2.103161    0.017639
    1.500000    1.765750    0.008816    0.330358    0.005217    2.096108    0.014033
    1.520000    1.754592    0.109393    0.326736   -0.004453    2.081328    0.104940
    1.540000    1.787623    0.039620    0.322006   -0.000074    2.109629    0.039546
    1.560000    1.782074   -0.007587    0.317328    0.004708    2.099402   -0.002879
    1.580000    1.770803   -0.035365    0.311275    0.005655    2.082078   -0.029710
    1.600000    1.775151    0.019258    0.313176    0.001174    2.088327    0.020432
    1.620000    1.834983   -0.009083    0.312318   -0.000858    2.147302   -0.009941
    1.640000    1.777625    0.066988    0.307485   -0.004407    2.085110    0.062581
    1.660000    1.779374    0.038816    0.307504    0.000389    2.086878    0.039205
    1.680000    1.800295    0.015279    0.304527   -0.002911    2.104822    0.012368
    1.700000    1.785564   -0.048332    0.301920   -0.000880    2.087484   -0.049212
    1.720000    1.760258   -0.128334    0.298163    0.001507    2.058421   -0.126827
    1.740000    1.727796   -0.099125    0.296710    0.001861    2.024506   -0.097264
    1.760000    1.727206   -0.021543    0.293343    0.002761    2.020549   -0.018782
    1.780000    1.695371    0.074151    0.290475    0.000056    1.985846    0.074208
    1.800000    1.709391    0.092250    0.291586   -0.000687    2.000976    0.091563
    1.820000    1.761918    0.005458    0.287341    0.002025    2.049260    0.007483
    1.840000    1.753768    0.003811    0.286293    0.002494    2.040061    0.006305
    1.860000    1.733543    0.006770    0.287050   -0.000558    2.020593    0.006212
    1.880000    1.719244   -0.021114    0.282759    0.000202    2.002004   -0.020912
    1.900000    1.655829    0.044975    0.283100   -0.004868    1.938929    0.040107
    1.920000    1.715441   -0.020880    0.285727   -0.002699    2.001168   -0.023579
    1.940000    1.771494   -0.081975    0.277596    0.002836    2.049090   -0.079139
    1.960000    1.723878   -0.165820    0.276772    0.006284    2.000650   -0.159536
    1.980000    1.732589   -0.130607    0.279200    0.000777    2.011790   -0.129830
    2.000000    1.754615   -0.027540    0.277081   -0.003629    2.031696   -0.031168
    2.020000    1.745166   -0.049614    0.276974   -0.000958    2.022139   -0.050571
    2.040000    1.719504   -0.035014    0.275963   -0.002139    1.995467   -0.037153
    2.060000    1.757384    0.007348    0.273996   -0.003230    2.031380    0.004118
    2.080000    1.734194   -0.049024    0.274251    0.000306    2.008445   -0.048718
    2.100000    1.746114    0.015699    0.272459   -0.001910    2.018573    0.013789
    2.120000    1.784896   -0.023007    0.267117   -0.003730    2.052014   -0.026737
    2.140000    1.719579   -0.082657    0.268311   -0.001477    1.987890   -0.084134
    2.160000    1.708972   -0.031864    0.271171   -0.003054    1.980143   -0.034918
    2.180000    1.763686   -0.041352    0.263912   -0.003904    2.027598   -0.045256
    2.200000    1.727065   -0.083975    0.265141   -0.002984    1.992205   -0.086959
    2.220000    1.721868   -0.154933    0.266066    0.002052    1.987935   -0.152881
    2.240000    1.726840   -0.112048    0.260352    0.000195    1.987192   -0.111853
    2.260000    1.691370    0.005146    0.261382   -0.003374    1.952752    0.001772
    2.280000    1.733287   -0.023638    0.261101   -0.003527    1.994388   -0.027164
    2.300000    1.736277   -0.030440    0.261013    0.000364    1.997290   -0.030076
    2.320000    1.717570   -0.071945    0.259346    0.000682    1.976917   -0.071262
    2.340000    1.742508   -0.027038    0.258773   -0.002650    2.001282   -0.029687
    2.360000    1.765868    0.026787    0.259482   -0.003964    2.025350    0.022823
    2.380000    1.768865    0.026851    0.257601   -0.003971    2.026466    0.022881
    2.400000    1.751360    0.005775    0.265439   -0.003651    2.016799    0.002124
    2.420000    1.777687   -0.055832    0.261409   -0.003459    2.039097   -0.059291
    2.440000    1.796317   -0.092071    0.255597   -0.002994    2.051914   -0.095065
    2.460000    1.781149   -0.159312    0.258219   -0.002588    2.039369   -0.161900
    2.480000    1.766250   -0.089405    0.256150   -0.004466    2.022400   -0.093871
    2.500000    1.741718   -0.064555    0.256439   -0.003337    1.998157   -0.067891
    2.520000    1.742152   -0.117366    0.258089   -0.001441    2.000241   -0.118807
    2.540000    1.778440   -0.088206    0.253536    0.000011    2.031976   -0.088195
    2.560000    1.760981   -0.091281    0.250753   -0.000815    2.011734   -0.092096
    2.580000    1.767871   -0.104560    0.250884   -0.003359    2.018755   -0.107920
    2.600000    1.754229    0.050008    0.254373   -0.008466    2.008601    0.041542
    2.620000    1.753581   -0.015621    0.251302   -0.004544    2.004883   -0.020165
    2.640000    1.733238   -0.040969    0.249940    0.001393    1.983178   -0.039576
    2.660000    1.736646   -0.045019    0.250357    0.000529    1.987003   -0.044489
    2.680000    1.797819   -0.030907    0.248094   -0.000707    2.045913   -0.031614
    2.700000    1.761844   -0.058577    0.244088   -0.003543    2.005932   -0.062121
    2.720000    1.765859   -0.042390    0.245558   -0.003105    2.011417   -0.045495
    2.740000    1.777875   -0.127210    0.244813    0.002405    2.022688   -0.124806
    2.760000    1.786537   -0.104779    0.243521   -0.000646    2.030058   -0.105425
    2.780000    1.757213   -0.074707    0.241289    0.002408    1.998502   -0.072298
    2.800000    1.708247   -0.046733    0.241835    0.002098    1.950082   -0.044635
    2.820000    1.711912    0.024760    0.240990   -0.002900    1.952902    0.021860
    2.840000    1.696910    0.024264    0.240555   -0.002017    1.937465    0.022247
    2.860000    1.719614    0.026718    0.241810   -0.002649    1.961424    0.024070
    2.880000    1.718427    0.082650    0.242792   -0.006109    1.961219    0.076541
    2.900000    1.733357    0.073496    0.237091   -0.007024    1.970448    0.066472
    2.920000    1.710353    0.102763    0.234710   -0.009474    1.945063    0.093289
    2.940000    1.725190    0.056219    0.231737   -0.005393    1.956928    0.050826
    2.960000    1.722263   -0.074198    0.237374   -0.003245    1.959637   -0.077443
    2.980000    1.761897   -0.067472    0.239781   -0.003664    2.001677   -0.071136
    3.000000    1.761066   -0.216912    0.242474    0.002770    2.003540   -0.214142
    3.020000    1.799086   -0.103235    0.240025   -0.002402    2.039111   -0.105637
    3.040000    1.726512   -0.067238    0.239480   -0.003064    1.965992   -0.070302
    3.060000    1.720685   -0.082703    0.238830   -0.001455    1.959515   -0.084158
    3.080000    1.721741   -0.020367    0.237563   -0.001774    1.959304   -0.022141
    3.100000    1.740030   -0.056556    0.237518   -0.000982    1.977547   -0.057538
    3.120000    1.749015    0.005571    0.243259   -0.003393    1.992273    0.002177
    3.140000    1.765318    0.054495    0.242250   -0.001104    2.007568    0.053390
    3.160000    1.755589   -0.042008    0.241362    0.003424    1.996951   -0.038584
    3.180000    1.714917    0.144812    0.236905   -0.004913    1.951822    0.139898
    3.200000    1.692679    0.004566    0.235743   -0.000957    1.928422    0.003609
    3.220000    1.699233   -0.016811    0.237024   -0.002155    1.936257   -0.018966
    3.240000    1.722116   -0.174449    0.238400    0.001563    1.960516   -0.172886
    3.260000    1.733922   -0.157728    0.235497   -0.000199    1.969419   -0.157928
    3.280000    1.738932   -0.194349    0.233321    0.001654    1.972253   -0.192695
    3.300000    1.750833   -0.071996    0.234490   -0.002769    1.985323   -0.074765
    3.320000    1.710452   -0.045404    0.233585   -0.000169    1.944038   -0.045573
    3.340000    1.709553   -0.049464    0.236254    0.003602    1.945807   -0.045862
    3.360000    1.723467   -0.015480    0.231616   -0.000573    1.955083   -0.016053
    3.380000    1.709191    0.047677    0.233679   -0.003545    1.942870    0.044132
    3.400000    1.695558   -0.012890    0.235972   -0.002691    1.931530   -0.015581
    3.420000    1.721232   -0.024268    0.237419   -0.002856    1.958651   -0.027124
    3.440000    1.722767   -0.029149    0.235210   -0.002240    1.957976   -0.031390
    3.460000    1.719854   -0.051308    0.230869   -0.000170    1.950723   -0.051479
    3.480000    1.710399   -0.036507    0.234128   -0.005005    1.944527   -0.041513
    3.500000    1.691627   -0.044318    0.229389   -0.007626    1.921016   -0.051944
    3.520000    1.704791   -0.043678    0.226665   -0.009306    1.931456   -0.052983
    3.540000    1.721413   -0.045420    0.229936   -0.009585    1.951349   -0.055005
    3.560000    1.734707    0.031585    0.235385   -0.015503    1.970092    0.016082
    3.580000    1.785743   -0.073030    0.237895   -0.010976    2.023638   -0.084006
    3.600000    1.776800   -0.047892    0.233694   -0.009783    2.010494   -0.057676
    3.620000    1.757308   -0.009083    0.233940   -0.010073    1.991249   -0.019156
    3.640000    1.730824   -0.042008    0.229239   -0.006811    1.960064   -0.048819
    3.660000    1.668880   -0.085565    0.228399   -0.001968    1.897279   -0.087533
    3.680000    1.649113   -0.092597    0.228563   -0.000992    1.877676   -0.093589
    3.700000    1.704711   -0.041187    0.232405   -0.003028    1.937116   -0.044215
    3.720000    1.720976   -0.001453    0.235141   -0.006437    1.956117   -0.007890
    3.740000    1.744125   -0.026708    0.234631   -0.004351    1.978756   -0.031059
    3.760000    1.733381   -0.046063    0.236037   -0.000625    1.969419   -0.046687
    3.780000    1.686683    0.005841    0.237318   -0.003397    1.924002    0.002444
    3.800000    1.663844    0.006392    0.240358   -0.004095    1.904202    0.002297
    3.820000    1.728410    0.013109    0.236174   -0.005209    1.964585    0.007900
    3.840000    1.680189   -0.032440    0.237766   -0.001205    1.917955   -0.033645
    3.860000    1.664176   -0.079281    0.237233   -0.001479    1.901408   -0.080759
    3.880000    1.670102   -0.117658    0.232764    0.002254    1.902866   -0.115403
    3.900000    1.686266   -0.020213    0.232445   -0.002893    1.918711   -0.023106
    3.920000    1.703522   -0.004249    0.237843   -0.002284    1.941364   -0.006533
    3.940000    1.731690   -0.022236    0.235994   -0.000696    1.967684   -0.022932
    3.960000    1.741207   -0.050629    0.238261    0.001697    1.979467   -0.048932
    3.980000    1.764766   -0.105099    0.239878    0.003671    2.004644   -0.101428
    4.000000    1.762534   -0.047765    0.239461    0.002710    2.001995   -0.045055
    4.020000    1.701234    0.046906    0.240108   -0.000199    1.941343    0.046707
    4.040000    1.671852   -0.027832    0.237729    0.002692    1.909581   -0.025140
    4.060000    1.668142   -0.113972    0.234353    0.005342    1.902495   -0.108630
    4.080000    1.693946   -0.168892    0.230721    0.008404    1.924667   -0.160488
    4.100000    1.663003   -0.019387    0.231773    0.000938    1.894775   -0.018449
    4.120000    1.720295   -0.043085    0.230907    0.001731    1.951202   -0.041353
    4.140000    1.728027   -0.069394    0.233368    0.003270    1.961395   -0.066124
    4.160000    1.697103   -0.012705    0.239313    0.000782    1.936416   -0.011923
    4.180000    1.761128    0.034781    0.235741    0.000324    1.996869    0.035105
    4.200000    1.751257    0.026549    0.238514   -0.000224    1.989771    0.026325
    4.220000    1.766822    0.055965    0.232416   -0.003161    1.999238    0.052804
    4.240000    1.712307   -0.027178    0.230849    0.000744    1.943156   -0.026434
    4.260000    1.696472   -0.076949    0.231426    0.000398    1.927898   -0.076551
    4.280000    1.701530   -0.099855    0.234917    0.005019    1.936447   -0.094836
    4.300000    1.713273   -0.104561    0.237893    0.005459    1.951167   -0.099102
    4.320000    1.732621   -0.044143    0.235234    0.003551    1.967855   -0.040592
    4.340000    1.703471    0.025114    0.231184    0.000505    1.934654    0.025619
    4.360000    1.712850   -0.045380    0.230686    0.001970    1.943536   -0.043410
    4.380000    1.685468    0.004548    0.235350    0.000888    1.920819    0.005435
    4.400000    1.691242   -0.105608    0.234893    0.003820    1.926135   -0.101787
    4.420000    1.677539   -0.042693    0.233760    0.004250    1.911299   -0.038443
    4.440000    1.702270   -0.044611    0.233925    0.007507    1.936195   -0.037104
    4.460000    1.707700    0.018652    0.225943    0.003538    1.933643    0.022191
    4.480000    1.662940   -0.068623    0.220689    0.005370    1.883629   -0.063253
    4.500000    1.602910    0.102943    0.225612    0.000363    1.828522    0.103307
    4.520000    1.671158   -0.013925    0.232032    0.007659    1.903190   -0.006267
    4.540000    1.717766   -0.116850    0.233845    0.008126    1.951612   -0.108725
    4.560000    1.715922   -0.138221    0.230007    0.006818    1.945929   -0.131403
    4.580000    1.674736   -0.154488    0.229366    0.005958    1.904102   -0.148530
    4.600000    1.699048    0.018034    0.233265    0.004451    1.932313    0.022486
    4.620000    1.730786    0.072433    0.231643    0.001091    1.962429    0.073524
    4.640000    1.735656   -0.029334    0.231614    0.004187    1.967271   -0.025147
    4.660000    1.693840   -0.078377    0.231939    0.007412    1.925779   -0.070965
    4.680000    1.726680   -0.066458    0.230870    0.004458    1.957551   -0.062000
    4.700000    1.708357   -0.016931    0.236001    0.005363    1.944358   -0.011568
    4.720000    1.713720   -0.036146    0.237074    0.007460    1.950794   -0.028686
    4.740000    1.724279    0.090748    0.233485    0.001210    1.957764    0.091958
    4.760000    1.704361    0.058946    0.238511   -0.000226    1.942872    0.058720
    4.780000    1.687167    0.039805    0.233893    0.002088    1.921060    0.041893
    4.800000    1.657946   -0.036366    0.235540    0.001950    1.893486   -0.034415
    4.820000    1.636251    0.007054    0.233649   -0.001199    1.869901    0.005855
    4.840000    1.697489   -0.058268    0.233326    0.003657    1.930815   -0.054611
    4.860000    1.679957   -0.081388    0.233343    0.007126    1.913300   -0.074262
    4.880000    1.708922    0.053823    0.232193    0.000814    1.941115    0.054637
    4.900000    1.661871    0.094239    0.237993   -0.001904    1.899864    0.092335
    4.920000    1.676601    0.090309    0.243841   -0.000684    1.920441    0.089625
    4.940000    1.695660   -0.018381    0.239515    0.000750    1.935175   -0.017631
    4.960000    1.671033    0.062779    0.243704    0.000763    1.914736    0.063542
    4.980000    1.698095   -0.042242    0.241795    0.000471    1.939889   -0.041770
    5.000000    1.710134   -0.071868    0.240074    0.004707    1.950207   -0.067161
    5.020000    1.697387   -0.074876    0.239248    0.005064    1.936635   -0.069812
    5.040000    1.699368    0.039221    0.237316    0.001627    1.936684    0.040849
    5.060000    1.692788   -0.039181    0.239494    0.005641    1.932282   -0.033540
    5.080000    1.684777   -0.083621    0.237261    0.007568    1.922039   -0.076054
    5.100000    1.689948    0.015345    0.239406    0.005675    1.929354    0.021020
    5.120000    1.717525   -0.045677    0.239527    0.006994    1.957052   -0.038683
    5.140000    1.704616    0.029061    0.238016    0.003124    1.942632    0.032185
    5.160000    1.719877    0.048251    0.232528    0.003565    1.952406    0.051816
    5.180000    1.711795    0.053310    0.234417    0.004922    1.946212    0.058232
    5.200000    1.708358    0.016845    0.236381    0.001714    1.944739    0.018559
    5.220000    1.696051   -0.059072    0.235437    0.007432    1.931488   -0.051640
    5.240000    1.705682   -0.152166    0.235577    0.014200    1.941260   -0.137965
    5.260000    1.697563   -0.190486    0.239117    0.012155    1.936680   -0.178332
    5.280000    1.721139   -0.130798    0.238231    0.009013    1.959369   -0.121785
    5.300000    1.730448   -0.090092    0.240470    0.008279    1.970917   -0.081812
    5.320000    1.674489   -0.060406    0.241679    0.006044    1.916168   -0.054362
    5.340000    1.695901   -0.083920    0.237945    0.010805    1.933846   -0.073116
    5.360000    1.640832   -0.046722    0.241998    0.008614    1.882830   -0.038107
    5.380000    1.694189    0.009594    0.237003    0.006591    1.931192    0.016185
    5.400000    1.694040   -0.068031    0.234992    0.010690    1.929032   -0.057341
    5.420000    1.661377    0.029060    0.229451    0.004181    1.890828    0.033240
    5.440000    1.651732    0.008160    0.232623    0.006886    1.884355    0.015046
    5.460000    1.673910   -0.062755    0.230501    0.011365    1.904411   -0.051389
    5.480000    1.646734   -0.090447    0.230877    0.012056    1.877611   -0.078391
    5.500000    1.691185   -0.093588    0.229692    0.011175    1.920876   -0.082413
    5.520000    1.723930    0.009113    0.232589    0.005831    1.956519    0.014945
    5.540000    1.743836    0.002796    0.233636    0.005867    1.977472    0.008663
    5.560000    1.720771    0.050672    0.233578    0.002318    1.954348    0.052990
    5.580000    1.708347    0.122647    0.236184   -0.005003    1.944530    0.117644
    5.600000    1.692509    0.072940    0.238395   -0.003026    1.930903    0.069914
    5.620000    1.697792    0.012587    0.234471    0.004838    1.932263    0.017426
    5.640000    1.699076   -0.030205    0.229703    0.005386    1.928779   -0.024820
    5.660000    1.672458    0.030300    0.233280    0.000941    1.905738    0.031242
    5.680000    1.650796    0.028041    0.232879   -0.000626    1.883675    0.027414
    5.700000    1.702522    0.000642    0.229904    0.002032    1.932427    0.002675
    5.720000    1.711617   -0.035717    0.226361    0.000820    1.937978   -0.034897
    5.740000    1.632533   -0.030119    0.231677   -0.003407    1.864211   -0.033526
    5.760000    1.645634   -0.019372    0.233277   -0.001517    1.878911   -0.020889
    5.780000    1.669725    0.024725    0.230274    0.000140    1.900000    0.024865
    5.800000    1.669591   -0.057260    0.230048    0.005893    1.899639   -0.051367
    5.820000    1.669198    0.006865    0.228794    0.003571    1.897992    0.010436
    5.840000    1.708318    0.058150    0.228003    0.000667    1.936321    0.058817
    5.860000    1.678633    0.048237    0.230982    0.007865    1.909614    0.056102
    5.880000    1.749044    0.041524    0.232261    0.003245    1.981305    0.044769
    5.900000    1.711739   -0.061908    0.236335    0.007310    1.948074   -0.054598
    5.920000    1.703293   -0.030023    0.237984    0.002539    1.941277   -0.027484
    5.940000    1.713598    0.035688    0.241096    0.002474    1.954694    0.038162
    5.960000    1.713592   -0.019003    0.239108    0.004705    1.952700   -0.014298
    5.980000    1.739985    0.011418    0.234239    0.001945    1.974224    0.013362
    6.000000    1.720962   -0.020258    0.235269    0.001140    1.956231   -0.019118
    6.020000    1.716762    0.007721    0.233274   -0.000448    1.950036    0.007273
    6.040000    1.680438    0.056197    0.236577   -0.001876    1.917016    0.054321
    6.060000    1.660005    0.002167    0.235314   -0.000576    1.895319    0.001592
    6.080000    1.668794    0.052595    0.235049    0.001432    1.903843    0.054027
    6.100000    1.712171    0.060260    0.232957    0.002809    1.945128    0.063069
    6.120000    1.744107    0.040691    0.229396    0.003020    1.973503    0.043711
    6.140000    1.730434   -0.013791    0.225841    0.003819    1.956275   -0.009973
    6.160000    1.706236   -0.011829    0.226930    0.001721    1.933166   -0.010108
    6.180000    1.688437   -0.013452    0.231307    0.001985    1.919745   -0.011467
    6.200000    1.721243   -0.036204    0.234035    0.001713    1.955278   -0.034491
    6.220000    1.702657    0.063942    0.236000   -0.002162    1.938657    0.061780
    6.240000    1.690667    0.011253    0.236923   -0.004312    1.927591    0.006941
    6.260000    1.732623    0.061874    0.237132   -0.006263    1.969755    0.055611
    6.280000    1.754069    0.125358    0.231727   -0.009618    1.985797    0.115740
    6.300000    1.724223    0.036613    0.225385   -0.005254    1.949608    0.031359
    6.320000    1.686938    0.047290    0.230995    0.000566    1.917933    0.047856
    6.340000    1.694659    0.049679    0.235543    0.000695    1.930202    0.050373
    6.360000    1.676615   -0.034831    0.236616    0.005784    1.913230   -0.029047
    6.380000    1.676182   -0.018091    0.237232    0.004055    1.913414   -0.014036
    6.400000    1.736293    0.010829    0.241210    0.002434    1.977503    0.013263
    6.420000    1.753012   -0.012174    0.239487   -0.000408    1.992499   -0.012582
    6.440000    1.771073    0.019608    0.235263   -0.002152    2.006336    0.017456
    6.460000    1.743256   -0.086174    0.233352    0.002738    1.976608   -0.083436
    6.480000    1.699610    0.013036    0.234051   -0.002831    1.933660    0.010204
    6.500000    1.707563   -0.031391    0.234998    0.000969    1.942561   -0.030422
    6.520000    1.728151    0.032355    0.231658    0.001376    1.959809    0.033731
    6.540000    1.719090    0.104631    0.230978   -0.001540    1.950068    0.103090
    6.560000    1.695912   -0.010683    0.230689    0.001164    1.926601   -0.009519
    6.580000    1.693697   -0.004337    0.229817    0.002502    1.923514   -0.001834
    6.600000    1.723983   -0.119115    0.230543    0.003443    1.954526   -0.115672
    6.620000    1.747800   -0.081168    0.234619   -0.001408    1.982418   -0.082575
    6.640000    1.765545   -0.105079    0.235993   -0.002964    2.001538   -0.108044
    6.660000    1.709970    0.011518    0.234967   -0.005080    1.944937    0.006438
    6.680000    1.735418   -0.065523    0.236435   -0.002114    1.971853   -0.067637
    6.700000    1.766849    0.010008    0.230682   -0.004330    1.997531    0.005678
    6.720000    1.785138    0.044772    0.234215   -0.004609    2.019353    0.040163
    6.740000    1.793197    0.088632    0.233029   -0.006488    2.026225    0.082144
    6.760000    1.760906    0.018059    0.235487   -0.006052    1.996393    0.012007
    6.780000    1.769248    0.023627    0.235067   -0.007913    2.004315    0.015714
    6.800000    1.798329   -0.008131    0.236994   -0.002974    2.035323   -0.011105
    6.820000    1.794010   -0.027258    0.238781   -0.001262    2.032791   -0.028521
    6.840000    1.801211   -0.039414    0.234653   -0.003018    2.035864   -0.042432
    6.860000    1.762986   -0.094404    0.236310    0.001252    1.999295   -0.093152
    6.880000    1.755204   -0.079320    0.236936    0.000309    1.992140   -0.079011
    6.900000    1.790997   -0.025402    0.232243   -0.002071    2.023240   -0.027473
    6.920000    1.762837   -0.079714    0.228047   -0.000115    1.990883   -0.079829
    6.940000    1.731446    0.071552    0.227946   -0.002809    1.959392    0.068744
    6.960000    1.750715    0.004425    0.234457   -0.000342    1.985172    0.004083
    6.980000    1.746110    0.127849    0.235894   -0.001947    1.982004    0.125903
    7.000000    1.765321    0.158489    0.237777   -0.003637    2.003098    0.154852
    7.020000    1.779239    0.080574    0.234618   -0.003443    2.013857    0.077131
    7.040000    1.775930    0.199209    0.231203   -0.010920    2.007133    0.188288
    7.060000    1.784733    0.071064    0.233220   -0.007860    2.017953    0.063203
    7.080000    1.803523   -0.008100    0.237713   -0.001381    2.041236   -0.009481
    7.100000    1.839621   -0.124510    0.240932    0.004727    2.080553   -0.119783
    7.120000    1.873166    0.003654    0.240656   -0.002432    2.113821    0.001222
    7.140000    1.856504   -0.121347    0.238956    0.001014    2.095461   -0.120332
    7.160000    1.835086   -0.016933    0.236432   -0.002814    2.071518   -0.019747
    7.180000    1.802531    0.072860    0.234040   -0.007804    2.036571    0.065056
    7.200000    1.795335    0.075426    0.234071   -0.005130    2.029407    0.070296
    7.220000    1.778157    0.096288    0.233288   -0.002062    2.011445    0.094226
    7.240000    1.845244    0.127311    0.229491   -0.002173    2.074735    0.125138
    7.260000    1.845300    0.099233    0.233558   -0.003030    2.078858    0.096204
    7.280000    1.899879    0.115635    0.232749   -0.001965    2.132628    0.113670
    7.300000    1.880251    0.048038    0.234831   -0.000660    2.115082    0.047378
    7.320000    1.912509   -0.010914    0.236824    0.000917    2.149334   -0.009997
    7.340000    1.910629   -0.090697    0.234445    0.001179    2.145074   -0.089518
    7.360000    1.939507   -0.093649    0.234251   -0.003916    2.173758   -0.097565
    7.380000    1.920564   -0.115433    0.238988   -0.004859    2.159552   -0.120293
    7.400000    1.900398   -0.063279    0.231911   -0.006244    2.132310   -0.069523
    7.420000    1.899634   -0.099516    0.231037   -0.000910    2.130671   -0.100427
    7.440000    1.907000    0.111787    0.231478   -0.009407    2.138477    0.102379
    7.460000    1.938882    0.130247    0.230027   -0.007412    2.168908    0.122835
    7.480000    1.975181   -0.021885    0.232709    0.001001    2.207891   -0.020884
    7.500000    1.981647    0.077369    0.230985   -0.004759    2.212632    0.072610
    7.520000    1.965981   -0.054066    0.228024   -0.000346    2.194006   -0.054412
    7.540000    2.011511   -0.053211    0.228043    0.002036    2.239554   -0.051174
    7.560000    1.999899   -0.099922    0.228762    0.001567    2.228661   -0.098355
    7.580000    2.074014   -0.107799    0.231550    0.000649    2.305564   -0.107151
    7.600000    2.095013   -0.062980    0.234836   -0.001295    2.329849   -0.064276
    7.620000    2.152425   -0.037000    0.231966   -0.001325    2.384390   -0.038326
    7.640000    2.140162   -0.009381    0.231987   -0.000682    2.372150   -0.010063
    7.660000    2.137448   -0.023691    0.228635    0.002105    2.366083   -0.021586
    7.680000    2.144356    0.030516    0.230077    0.000321    2.374433    0.030837
    7.700000    2.160646    0.064427    0.233442    0.004722    2.394088    0.069149
    7.720000    2.224051    0.159172    0.234949   -0.000888    2.458999    0.158284
    7.740000    2.249147    0.057484    0.230653    0.000814    2.479800    0.058298
    7.760000    2.248876    0.041288    0.226917   -0.001412    2.475793    0.039876
    7.780000    2.289143    0.013810    0.229155   -0.000623    2.518299    0.013187
    7.800000    2.364841   -0.044736    0.232475    0.005946    2.597316   -0.038790
    7.820000    2.445837   -0.052512    0.236245    0.004793    2.682082   -0.047719
    7.840000    2.517258   -0.019881    0.237441    0.004661    2.754699   -0.015220
    7.860000    2.562184    0.026956    0.232763   -0.000315    2.794947    0.026641
    7.880000    2.625308    0.105569    0.234242   -0.001839    2.859549    0.103730
    7.900000    2.730226    0.081280    0.231865   -0.002708    2.962091    0.078573
    7.920000    2.718641    0.176860    0.234317   -0.002832    2.952958    0.174028
    7.940000    2.807919    0.035843    0.233614    0.003975    3.041533    0.039818
    7.960000    2.884243    0.085930    0.230094   -0.002188    3.114337    0.083742
    7.980000    2.987738   -0.007478    0.229609    0.001806    3.217347   -0.005672
    8.000000    3.115024   -0.029107    0.230452    0.004661    3.345477   -0.024446
