          0.01000000          0.98334343
          0.02000000          0.96680326
          0.03000000          0.95034658
          0.04000000          0.93417656
          0.05000000          0.91854091
          0.06000000          0.90334469
          0.07000000          0.88830114
          0.08000000          0.87330900
          0.09000000          0.85851403
          0.10000000          0.84412434
          0.11000000          0.83009932
          0.12000000          0.81625151
          0.13000000          0.80250980
          0.14000000          0.78897047
          0.15000000          0.77575373
          0.16000000          0.76284906
          0.17000000          0.75013937
          0.18000000          0.73756228
          0.19000000          0.72516399
          0.20000000          0.71303257
          0.21000000          0.70117526
          0.22000000          0.68951461
          0.23000000          0.67799834
          0.24000000          0.66664710
          0.25000000          0.65551863
          0.26000000          0.64462241
          0.27000000          0.63391522
          0.28000000          0.62335574
          0.29000000          0.61294909
          0.30000000          0.60273343
          0.31000000          0.59272703
          0.32000000          0.58289398
          0.33000000          0.57320433
          0.34000000          0.56365885
          0.35000000          0.55428410
          0.36000000          0.54509395
          0.37000000          0.53606490
          0.38000000          0.52717053
          0.39000000          0.51840686
          0.40000000          0.50979914
          0.41000000          0.50135391
          0.42000000          0.49305862
          0.43000000          0.48489391
          0.44000000          0.47685585
          0.45000000          0.46895058
          0.46000000          0.46118894
          0.47000000          0.45356600
          0.48000000          0.44606826
          0.49000000          0.43868859
          0.50000000          0.43142886
          0.51000000          0.42429609
          0.52000000          0.41728721
          0.53000000          0.41039271
          0.54000000          0.40361025
          0.55000000          0.39694229
          0.56000000          0.39039079
          0.57000000          0.38394991
          0.58000000          0.37761511
          0.59000000          0.37138366
          0.60000000          0.36525707
          0.61000000          0.35923611
          0.62000000          0.35331763
          0.63000000          0.34749519
          0.64000000          0.34176709
          0.65000000          0.33613618
          0.66000000          0.33060295
          0.67000000          0.32516218
          0.68000000          0.31981047
          0.69000000          0.31454516
          0.70000000          0.30936786
          0.71000000          0.30427778
          0.72000000          0.29927388
          0.73000000          0.29435211
          0.74000000          0.28951212
          0.75000000          0.28475332
          0.76000000          0.28007450
          0.77000000          0.27547271
          0.78000000          0.27094593
          0.79000000          0.26649432
          0.80000000          0.26211826
          0.81000000          0.25781588
          0.82000000          0.25358550
          0.83000000          0.24942397
          0.84000000          0.24533200
          0.85000000          0.24130774
          0.86000000          0.23734950
          0.87000000          0.23345803
          0.88000000          0.22963093
          0.89000000          0.22586717
          0.90000000          0.22216525
          0.91000000          0.21852508
          0.92000000          0.21494598
          0.93000000          0.21142546
          0.94000000          0.20796242
          0.95000000          0.20455638
          0.96000000          0.20120678
          0.97000000          0.19791304
          0.98000000          0.19467385
          0.99000000          0.19148785
          1.00000000          0.18835408
          1.01000000          0.18527192
          1.02000000          0.18224105
          1.03000000          0.17926055
          1.04000000          0.17632885
          1.05000000          0.17344526
          1.06000000          0.17060933
          1.07000000          0.16782025
          1.08000000          0.16507771
          1.09000000          0.16238002
          1.10000000          0.15972579
          1.11000000          0.15711471
          1.12000000          0.15454645
          1.13000000          0.15202089
          1.14000000          0.14953742
          1.15000000          0.14709437
          1.16000000          0.14469211
          1.17000000          0.14232947
          1.18000000          0.14000533
          1.19000000          0.13771915
          1.20000000          0.13547128
          1.21000000          0.13326070
          1.22000000          0.13108648
          1.23000000          0.12894726
          1.24000000          0.12684285
          1.25000000          0.12477326
          1.26000000          0.12273849
          1.27000000          0.12073683
          1.28000000          0.11876754
          1.29000000          0.11683005
          1.30000000          0.11492467
          1.31000000          0.11305139
          1.32000000          0.11120903
          1.33000000          0.10939609
          1.34000000          0.10761228
          1.35000000          0.10585796
          1.36000000          0.10413246
          1.37000000          0.10243530
          1.38000000          0.10076615
          1.39000000          0.09912437
          1.40000000          0.09750962
          1.41000000          0.09592142
          1.42000000          0.09435872
          1.43000000          0.09282143
          1.44000000          0.09130920
          1.45000000          0.08982197
          1.46000000          0.08835942
          1.47000000          0.08692091
          1.48000000          0.08550588
          1.49000000          0.08411381
          1.50000000          0.08274426
          1.51000000          0.08139718
          1.52000000          0.08007224
          1.53000000          0.07876902
          1.54000000          0.07748706
          1.55000000          0.07622579
          1.56000000          0.07498528
          1.57000000          0.07376521
          1.58000000          0.07256489
          1.59000000          0.07138437
          1.60000000          0.07022322
          1.61000000          0.06908094
          1.62000000          0.06795729
          1.63000000          0.06685197
          1.64000000          0.06576477
          1.65000000          0.06469524
          1.66000000          0.06364307
          1.67000000          0.06260812
          1.68000000          0.06159035
          1.69000000          0.06058906
          1.70000000          0.05960404
          1.71000000          0.05863495
          1.72000000          0.05768161
          1.73000000          0.05674399
          1.74000000          0.05582170
          1.75000000          0.05491458
          1.76000000          0.05402224
          1.77000000          0.05314446
          1.78000000          0.05228089
          1.79000000          0.05143141
          1.80000000          0.05059577
          1.81000000          0.04977381
          1.82000000          0.04896518
          1.83000000          0.04816985
          1.84000000          0.04738751
          1.85000000          0.04661792
          1.86000000          0.04586075
          1.87000000          0.04511578
          1.88000000          0.04438306
          1.89000000          0.04366240
          1.90000000          0.04295351
          1.91000000          0.04225606
          1.92000000          0.04156993
          1.93000000          0.04089492
          1.94000000          0.04023099
          1.95000000          0.03957788
          1.96000000          0.03893537
          1.97000000          0.03830326
          1.98000000          0.03768140
          1.99000000          0.03706972
          2.00000000          0.03646800
          2.01000000          0.03587607
          2.02000000          0.03529376
          2.03000000          0.03472087
          2.04000000          0.03415738
          2.05000000          0.03360308
          2.06000000          0.03305771
          2.07000000          0.03252113
          2.08000000          0.03199319
          2.09000000          0.03147384
          2.10000000          0.03096301
          2.11000000          0.03046048
          2.12000000          0.02996614
          2.13000000          0.02947985
          2.14000000          0.02900149
          2.15000000          0.02853094
          2.16000000          0.02806804
          2.17000000          0.02761261
          2.18000000          0.02716457
          2.19000000          0.02672384
          2.20000000          0.02629028
          2.21000000          0.02586375
          2.22000000          0.02544417
          2.23000000          0.02503138
          2.24000000          0.02462527
          2.25000000          0.02422577
          2.26000000          0.02383279
          2.27000000          0.02344622
          2.28000000          0.02306592
          2.29000000          0.02269183
          2.30000000          0.02232383
          2.31000000          0.02196186
          2.32000000          0.02160575
          2.33000000          0.02125544
          2.34000000          0.02091080
          2.35000000          0.02057171
          2.36000000          0.02023813
          2.37000000          0.01990998
          2.38000000          0.01958719
          2.39000000          0.01926960
          2.40000000          0.01895715
          2.41000000          0.01864975
          2.42000000          0.01834739
          2.43000000          0.01804994
          2.44000000          0.01775732
          2.45000000          0.01746944
          2.46000000          0.01718620
          2.47000000          0.01690756
          2.48000000          0.01663347
          2.49000000          0.01636382
          2.50000000          0.01609851
          2.51000000          0.01583747
          2.52000000          0.01558066
          2.53000000          0.01532802
          2.54000000          0.01507946
          2.55000000          0.01483494
          2.56000000          0.01459438
          2.57000000          0.01435771
          2.58000000          0.01412489
          2.59000000          0.01389587
          2.60000000          0.01367053
          2.61000000          0.01344885
          2.62000000          0.01323075
          2.63000000          0.01301618
          2.64000000          0.01280505
          2.65000000          0.01259735
          2.66000000          0.01239303
          2.67000000          0.01219202
          2.68000000          0.01199427
          2.69000000          0.01179973
          2.70000000          0.01160836
          2.71000000          0.01142009
          2.72000000          0.01123487
          2.73000000          0.01105264
          2.74000000          0.01087336
          2.75000000          0.01069699
          2.76000000          0.01052349
          2.77000000          0.01035279
          2.78000000          0.01018485
          2.79000000          0.01001964
          2.80000000          0.00985709
          2.81000000          0.00969719
          2.82000000          0.00953989
          2.83000000          0.00938515
          2.84000000          0.00923292
          2.85000000          0.00908317
          2.86000000          0.00893586
          2.87000000          0.00879094
          2.88000000          0.00864835
          2.89000000          0.00850808
          2.90000000          0.00837007
          2.91000000          0.00823430
          2.92000000          0.00810071
          2.93000000          0.00796928
          2.94000000          0.00783996
          2.95000000          0.00771272
          2.96000000          0.00758752
          2.97000000          0.00746435
          2.98000000          0.00734318
          2.99000000          0.00722398
          3.00000000          0.00710672
          3.01000000          0.00699137
          3.02000000          0.00687790
          3.03000000          0.00676626
          3.04000000          0.00665644
          3.05000000          0.00654842
          3.06000000          0.00644215
          3.07000000          0.00633762
          3.08000000          0.00623478
          3.09000000          0.00613361
          3.10000000          0.00603410
          3.11000000          0.00593620
          3.12000000          0.00583989
          3.13000000          0.00574516
          3.14000000          0.00565196
          3.15000000          0.00556027
          3.16000000          0.00547005
          3.17000000          0.00538130
          3.18000000          0.00529398
          3.19000000          0.00520808
          3.20000000          0.00512357
          3.21000000          0.00504043
          3.22000000          0.00495863
          3.23000000          0.00487815
          3.24000000          0.00479897
          3.25000000          0.00472107
          3.26000000          0.00464444
          3.27000000          0.00456903
          3.28000000          0.00449486
          3.29000000          0.00442188
          3.30000000          0.00435009
          3.31000000          0.00427946
          3.32000000          0.00420999
          3.33000000          0.00414165
          3.34000000          0.00407441
          3.35000000          0.00400827
          3.36000000          0.00394320
          3.37000000          0.00387918
          3.38000000          0.00381621
          3.39000000          0.00375425
          3.40000000          0.00369329
          3.41000000          0.00363332
          3.42000000          0.00357432
          3.43000000          0.00351627
          3.44000000          0.00345916
          3.45000000          0.00340297
          3.46000000          0.00334770
          3.47000000          0.00329332
          3.48000000          0.00323983
          3.49000000          0.00318721
          3.50000000          0.00313544
          3.51000000          0.00308451
          3.52000000          0.00303441
          3.53000000          0.00298512
          3.54000000          0.00293662
          3.55000000          0.00288891
          3.56000000          0.00284196
          3.57000000          0.00279576
          3.58000000          0.00275032
          3.59000000          0.00270560
          3.60000000          0.00266161
          3.61000000          0.00261833
          3.62000000          0.00257575
          3.63000000          0.00253387
          3.64000000          0.00249266
          3.65000000          0.00245213
          3.66000000          0.00241226
          3.67000000          0.00237303
          3.68000000          0.00233445
          3.69000000          0.00229649
          3.70000000          0.00225915
          3.71000000          0.00222242
          3.72000000          0.00218629
          3.73000000          0.00215074
          3.74000000          0.00211577
          3.75000000          0.00208136
          3.76000000          0.00204751
          3.77000000          0.00201421
          3.78000000          0.00198145
          3.79000000          0.00194922
          3.80000000          0.00191750
          3.81000000          0.00188630
          3.82000000          0.00185560
          3.83000000          0.00182540
          3.84000000          0.00179569
          3.85000000          0.00176647
          3.86000000          0.00173771
          3.87000000          0.00170942
          3.88000000          0.00168159
          3.89000000          0.00165422
          3.90000000          0.00162728
          3.91000000          0.00160079
          3.92000000          0.00157472
          3.93000000          0.00154908
          3.94000000          0.00152385
          3.95000000          0.00149904
          3.96000000          0.00147462
          3.97000000          0.00145060
          3.98000000          0.00142697
          3.99000000          0.00140372
          4.00000000          0.00138085
          4.01000000          0.00135835
          4.02000000          0.00133622
          4.03000000          0.00131444
          4.04000000          0.00129302
          4.05000000          0.00127194
          4.06000000          0.00125121
          4.07000000          0.00123081
          4.08000000          0.00121075
          4.09000000          0.00119101
          4.10000000          0.00117159
          4.11000000          0.00115248
          4.12000000          0.00113369
          4.13000000          0.00111520
          4.14000000          0.00109701
          4.15000000          0.00107911
          4.16000000          0.00106151
          4.17000000          0.00104419
          4.18000000          0.00102715
          4.19000000          0.00101039
          4.20000000          0.00099390
          4.21000000          0.00097768
          4.22000000          0.00096171
          4.23000000          0.00094601
          4.24000000          0.00093056
          4.25000000          0.00091536
          4.26000000          0.00090041
          4.27000000          0.00088570
          4.28000000          0.00087122
          4.29000000          0.00085697
          4.30000000          0.00084295
          4.31000000          0.00082916
          4.32000000          0.00081559
          4.33000000          0.00080225
          4.34000000          0.00078912
          4.35000000          0.00077620
          4.36000000          0.00076350
          4.37000000          0.00075100
          4.38000000          0.00073871
          4.39000000          0.00072661
          4.40000000          0.00071471
          4.41000000          0.00070300
          4.42000000          0.00069148
          4.43000000          0.00068015
          4.44000000          0.00066901
          4.45000000          0.00065804
          4.46000000          0.00064725
          4.47000000          0.00063664
          4.48000000          0.00062620
          4.49000000          0.00061593
          4.50000000          0.00060583
          4.51000000          0.00059589
          4.52000000          0.00058611
          4.53000000          0.00057649
          4.54000000          0.00056703
          4.55000000          0.00055772
          4.56000000          0.00054856
          4.57000000          0.00053956
          4.58000000          0.00053069
          4.59000000          0.00052197
          4.60000000          0.00051340
          4.61000000          0.00050496
          4.62000000          0.00049666
          4.63000000          0.00048849
          4.64000000          0.00048046
          4.65000000          0.00047256
          4.66000000          0.00046479
          4.67000000          0.00045714
          4.68000000          0.00044962
          4.69000000          0.00044222
          4.70000000          0.00043495
          4.71000000          0.00042779
          4.72000000          0.00042075
          4.73000000          0.00041382
          4.74000000          0.00040701
          4.75000000          0.00040030
          4.76000000          0.00039371
          4.77000000          0.00038722
          4.78000000          0.00038084
          4.79000000          0.00037457
          4.80000000          0.00036840
          4.81000000          0.00036232
          4.82000000          0.00035635
          4.83000000          0.00035047
          4.84000000          0.00034469
          4.85000000          0.00033900
          4.86000000          0.00033341
          4.87000000          0.00032791
          4.88000000          0.00032250
          4.89000000          0.00031717
          4.90000000          0.00031193
          4.91000000          0.00030678
          4.92000000          0.00030172
          4.93000000          0.00029673
          4.94000000          0.00029183
          4.95000000          0.00028700
          4.96000000          0.00028226
          4.97000000          0.00027759
          4.98000000          0.00027300
          4.99000000          0.00026849
          5.00000000          0.00026405
