          0.01000000          0.00424343          0.00057305          0.00076582
          0.02000000          0.01411931          0.00218273          0.00307704
          0.03000000          0.01515281          0.00291272          0.00350062
          0.04000000          0.01414211          0.00217809          0.00288316
          0.05000000          0.01312627          0.00180220          0.00245547
          0.06000000          0.01049473          0.00184154          0.00240795
          0.07000000          0.01081398          0.00227093          0.00287913
          0.08000000          0.01321732          0.00281919          0.00356639
          0.09000000          0.01272879          0.00269264          0.00338466
          0.10000000          0.01127936          0.00260642          0.00319683
          0.11000000          0.01446920          0.00268088          0.00333332
          0.12000000          0.01652669          0.00297373          0.00374898
          0.13000000          0.01738720          0.00339135          0.00427857
          0.14000000          0.01571650          0.00351402          0.00439109
          0.15000000          0.01663545          0.00351649          0.00438485
          0.16000000          0.01804109          0.00361351          0.00452034
          0.17000000          0.01786554          0.00389467          0.00481789
          0.18000000          0.01725569          0.00419891          0.00515559
          0.19000000          0.01725932          0.00434793          0.00528647
          0.20000000          0.01522899          0.00441814          0.00531241
          0.21000000          0.01425849          0.00449630          0.00537907
          0.22000000          0.01398121          0.00466533          0.00555517
          0.23000000          0.01633086          0.00485912          0.00581776
          0.24000000          0.01828330          0.00496396          0.00595476
          0.25000000          0.01622055          0.00502785          0.00602260
          0.26000000          0.01585738          0.00510391          0.00612247
          0.27000000          0.01509945          0.00519177          0.00624927
          0.28000000          0.01634142          0.00534367          0.00644177
          0.29000000          0.01674402          0.00549192          0.00662654
          0.30000000          0.01633467          0.00554351          0.00670347
          0.31000000          0.01798618          0.00561286          0.00680409
          0.32000000          0.01656796          0.00574755          0.00695374
          0.33000000          0.01732392          0.00586782          0.00712190
          0.34000000          0.01928251          0.00594263          0.00723996
          0.35000000          0.01715756          0.00600952          0.00730236
          0.36000000          0.01813805          0.00611429          0.00743114
          0.37000000          0.01882841          0.00618352          0.00756907
          0.38000000          0.01872319          0.00627417          0.00771478
          0.39000000          0.01987368          0.00636302          0.00781830
          0.40000000          0.02011511          0.00639654          0.00787016
          0.41000000          0.01980743          0.00644022          0.00791760
          0.42000000          0.01951969          0.00652300          0.00801461
          0.43000000          0.02019597          0.00661978          0.00815423
          0.44000000          0.01986672          0.00674502          0.00830525
          0.45000000          0.01993200          0.00681735          0.00839114
          0.46000000          0.01999729          0.00685069          0.00843222
          0.47000000          0.01995026          0.00687537          0.00848167
          0.48000000          0.02002682          0.00690773          0.00855662
          0.49000000          0.02035665          0.00697365          0.00863900
          0.50000000          0.02010165          0.00705411          0.00871173
          0.51000000          0.02024559          0.00712932          0.00879501
          0.52000000          0.02083191          0.00718819          0.00888090
          0.53000000          0.02231569          0.00726918          0.00896642
          0.54000000          0.02144574          0.00732775          0.00903454
          0.55000000          0.02116497          0.00732687          0.00905310
          0.56000000          0.02120518          0.00731933          0.00906148
          0.57000000          0.02152449          0.00736774          0.00911815
          0.58000000          0.02218705          0.00744657          0.00921939
          0.59000000          0.02295956          0.00751810          0.00932483
          0.60000000          0.02328117          0.00756639          0.00939652
          0.61000000          0.02329380          0.00758107          0.00942185
          0.62000000          0.02313338          0.00758561          0.00941914
          0.63000000          0.02256050          0.00761038          0.00944240
          0.64000000          0.02256288          0.00765566          0.00949868
          0.65000000          0.02273795          0.00771137          0.00957072
          0.66000000          0.02289388          0.00777523          0.00964179
          0.67000000          0.02304845          0.00779979          0.00967749
          0.68000000          0.02323816          0.00781408          0.00968747
          0.69000000          0.02282344          0.00785051          0.00971334
          0.70000000          0.02260124          0.00787870          0.00974675
          0.71000000          0.02257235          0.00793329          0.00980333
          0.72000000          0.02244041          0.00799322          0.00985771
          0.73000000          0.02250185          0.00802287          0.00988973
          0.74000000          0.02239922          0.00801142          0.00988504
          0.75000000          0.02242700          0.00800223          0.00986913
          0.76000000          0.02241705          0.00800715          0.00987924
          0.77000000          0.02250495          0.00801723          0.00990883
          0.78000000          0.02225442          0.00805513          0.00995123
          0.79000000          0.02202321          0.00811001          0.01000735
          0.80000000          0.02199966          0.00813373          0.01003629
          0.81000000          0.02233778          0.00813580          0.01003662
          0.82000000          0.02266507          0.00813316          0.01002163
          0.83000000          0.02257384          0.00812410          0.01000111
          0.84000000          0.02270684          0.00814268          0.01001482
          0.85000000          0.02290095          0.00818778          0.01006179
          0.86000000          0.02290891          0.00824210          0.01012496
          0.87000000          0.02274473          0.00827811          0.01016230
          0.88000000          0.02276959          0.00825890          0.01014872
          0.89000000          0.02270612          0.00822379          0.01010418
          0.90000000          0.02265661          0.00819574          0.01007078
          0.91000000          0.02276709          0.00818963          0.01006995
          0.92000000          0.02285505          0.00820771          0.01010427
          0.93000000          0.02274857          0.00823921          0.01015282
          0.94000000          0.02273233          0.00826002          0.01018430
          0.95000000          0.02282728          0.00826880          0.01019052
          0.96000000          0.02268541          0.00825838          0.01016593
          0.97000000          0.02256529          0.00821501          0.01012090
          0.98000000          0.02228688          0.00818842          0.01009171
          0.99000000          0.02213365          0.00820252          0.01009676
          1.00000000          0.02212033          0.00823516          0.01012522
          1.01000000          0.02198927          0.00826015          0.01015806
          1.02000000          0.02183878          0.00827008          0.01017278
          1.03000000          0.02174353          0.00823210          0.01013675
          1.04000000          0.02167038          0.00818204          0.01007556
          1.05000000          0.02157999          0.00816306          0.01003928
          1.06000000          0.02160462          0.00817694          0.01004492
          1.07000000          0.02184897          0.00821030          0.01007896
          1.08000000          0.02211978          0.00824314          0.01011200
          1.09000000          0.02222527          0.00824417          0.01010925
          1.10000000          0.02206902          0.00820705          0.01006600
          1.11000000          0.02177705          0.00816483          0.01000604
          1.12000000          0.02152970          0.00814334          0.00997260
          1.13000000          0.02146677          0.00815898          0.00998626
          1.14000000          0.02150920          0.00817764          0.01001357
          1.15000000          0.02154954          0.00817897          0.01002246
          1.16000000          0.02167241          0.00814859          0.00999526
          1.17000000          0.02175267          0.00809499          0.00994378
          1.18000000          0.02175978          0.00805334          0.00990172
          1.19000000          0.02152804          0.00805143          0.00989205
          1.20000000          0.02142847          0.00806837          0.00991426
          1.21000000          0.02155345          0.00807762          0.00993354
          1.22000000          0.02153504          0.00806455          0.00991856
          1.23000000          0.02135067          0.00802525          0.00986721
          1.24000000          0.02112057          0.00798155          0.00981047
          1.25000000          0.02097267          0.00795620          0.00977925
          1.26000000          0.02111163          0.00794657          0.00977381
          1.27000000          0.02137536          0.00795423          0.00978801
          1.28000000          0.02144335          0.00795769          0.00979406
          1.29000000          0.02141404          0.00792868          0.00976324
          1.30000000          0.02132643          0.00788411          0.00971016
          1.31000000          0.02126279          0.00784398          0.00965770
          1.32000000          0.02104066          0.00781549          0.00962232
          1.33000000          0.02073583          0.00780888          0.00960923
          1.34000000          0.02060422          0.00781324          0.00960982
          1.35000000          0.02049193          0.00781956          0.00961205
          1.36000000          0.02034723          0.00781384          0.00960517
          1.37000000          0.02031834          0.00778135          0.00956622
          1.38000000          0.02004547          0.00773267          0.00950657
          1.39000000          0.01985357          0.00768961          0.00945243
          1.40000000          0.01989054          0.00766388          0.00942642
          1.41000000          0.02001895          0.00766212          0.00942823
          1.42000000          0.02019316          0.00766720          0.00943941
          1.43000000          0.02032120          0.00765283          0.00942917
          1.44000000          0.02039276          0.00762587          0.00939444
          1.45000000          0.02045806          0.00759294          0.00935080
          1.46000000          0.02043829          0.00755991          0.00931197
          1.47000000          0.02043932          0.00753631          0.00928385
          1.48000000          0.02047639          0.00751977          0.00926551
          1.49000000          0.02046015          0.00749855          0.00924521
          1.50000000          0.02037002          0.00747505          0.00921992
          1.51000000          0.02017553          0.00744152          0.00918009
          1.52000000          0.02004527          0.00740963          0.00913900
          1.53000000          0.02008877          0.00738672          0.00910678
          1.54000000          0.02008266          0.00737341          0.00908678
          1.55000000          0.02013134          0.00736558          0.00907214
          1.56000000          0.02010278          0.00735514          0.00905183
          1.57000000          0.02010207          0.00733556          0.00902248
          1.58000000          0.02005612          0.00730365          0.00898287
          1.59000000          0.02001593          0.00726588          0.00893820
          1.60000000          0.02006250          0.00723656          0.00890212
          1.61000000          0.02012353          0.00722582          0.00888617
          1.62000000          0.02019389          0.00721734          0.00887615
          1.63000000          0.02020179          0.00719943          0.00885426
          1.64000000          0.02005072          0.00717775          0.00882115
          1.65000000          0.01983178          0.00714881          0.00878134
          1.66000000          0.01962026          0.00711194          0.00873754
          1.67000000          0.01939901          0.00708683          0.00870020
          1.68000000          0.01916117          0.00707054          0.00867361
          1.69000000          0.01898561          0.00705470          0.00865295
          1.70000000          0.01877958          0.00703847          0.00862991
          1.71000000          0.01859753          0.00701490          0.00860101
          1.72000000          0.01845463          0.00698194          0.00856344
          1.73000000          0.01830873          0.00694550          0.00852177
          1.74000000          0.01818919          0.00691179          0.00848349
          1.75000000          0.01815161          0.00688238          0.00845176
          1.76000000          0.01819855          0.00686083          0.00842845
          1.77000000          0.01823451          0.00684556          0.00841192
          1.78000000          0.01822205          0.00682272          0.00838754
          1.79000000          0.01816952          0.00678845          0.00834937
          1.80000000          0.01805025          0.00674683          0.00830327
          1.81000000          0.01793266          0.00671102          0.00826102
          1.82000000          0.01784299          0.00668493          0.00822982
          1.83000000          0.01785665          0.00666560          0.00820600
          1.84000000          0.01782973          0.00664476          0.00818052
          1.85000000          0.01773926          0.00662321          0.00815035
          1.86000000          0.01760347          0.00659311          0.00811307
          1.87000000          0.01750221          0.00655676          0.00807013
          1.88000000          0.01736781          0.00652237          0.00802921
          1.89000000          0.01722092          0.00649639          0.00799747
          1.90000000          0.01716031          0.00647663          0.00797430
          1.91000000          0.01707663          0.00645725          0.00795204
          1.92000000          0.01701697          0.00643188          0.00792247
          1.93000000          0.01685072          0.00639644          0.00788188
          1.94000000          0.01669009          0.00635816          0.00783614
          1.95000000          0.01658791          0.00632703          0.00779602
          1.96000000          0.01651594          0.00630184          0.00776476
          1.97000000          0.01644839          0.00628448          0.00774093
          1.98000000          0.01633432          0.00626804          0.00771745
          1.99000000          0.01623003          0.00624401          0.00768510
          2.00000000          0.01609073          0.00621178          0.00764468
          2.01000000          0.01595220          0.00617838          0.00760288
          2.02000000          0.01581958          0.00614697          0.00756507
          2.03000000          0.01570018          0.00612278          0.00753728
          2.04000000          0.01571336          0.00610440          0.00751603
          2.05000000          0.01573967          0.00608280          0.00749404
          2.06000000          0.01570010          0.00605351          0.00746310
          2.07000000          0.01561304          0.00601744          0.00742200
          2.08000000          0.01548784          0.00598089          0.00737797
          2.09000000          0.01535480          0.00594750          0.00733911
          2.10000000          0.01527040          0.00592681          0.00731219
          2.11000000          0.01522736          0.00591072          0.00729047
          2.12000000          0.01523174          0.00589506          0.00726646
          2.13000000          0.01513324          0.00587665          0.00723624
          2.14000000          0.01503981          0.00585046          0.00719853
          2.15000000          0.01497672          0.00582053          0.00715735
          2.16000000          0.01490447          0.00579325          0.00711925
          2.17000000          0.01484624          0.00577107          0.00708893
          2.18000000          0.01480821          0.00575403          0.00706503
          2.19000000          0.01476633          0.00573644          0.00704125
          2.20000000          0.01470096          0.00571392          0.00701197
          2.21000000          0.01458142          0.00568420          0.00697471
          2.22000000          0.01440697          0.00565026          0.00693226
          2.23000000          0.01426310          0.00561879          0.00689149
          2.24000000          0.01422688          0.00559363          0.00685862
          2.25000000          0.01420738          0.00557500          0.00683369
          2.26000000          0.01417872          0.00555883          0.00681097
          2.27000000          0.01414777          0.00553995          0.00678426
          2.28000000          0.01407687          0.00551634          0.00675201
          2.29000000          0.01396993          0.00548825          0.00671527
          2.30000000          0.01384573          0.00545845          0.00667676
          2.31000000          0.01378726          0.00543087          0.00664084
          2.32000000          0.01374699          0.00540761          0.00661088
          2.33000000          0.01370782          0.00539086          0.00658831
          2.34000000          0.01367751          0.00537412          0.00656652
          2.35000000          0.01365928          0.00535067          0.00653847
          2.36000000          0.01364208          0.00532067          0.00650268
          2.37000000          0.01362322          0.00528664          0.00646265
          2.38000000          0.01362117          0.00525439          0.00642473
          2.39000000          0.01359501          0.00522531          0.00639166
          2.40000000          0.01356008          0.00520288          0.00636552
          2.41000000          0.01352035          0.00518444          0.00634412
          2.42000000          0.01352388          0.00516345          0.00631996
          2.43000000          0.01347279          0.00513691          0.00628834
          2.44000000          0.01338852          0.00510446          0.00624977
          2.45000000          0.01331432          0.00507149          0.00621030
          2.46000000          0.01321417          0.00504551          0.00617765
          2.47000000          0.01310786          0.00502547          0.00615281
          2.48000000          0.01304205          0.00500831          0.00613116
          2.49000000          0.01294602          0.00498909          0.00610683
          2.50000000          0.01282290          0.00496391          0.00607595
          2.51000000          0.01267735          0.00493347          0.00603931
          2.52000000          0.01251837          0.00490334          0.00600233
          2.53000000          0.01238904          0.00487665          0.00597003
          2.54000000          0.01231498          0.00485383          0.00594293
          2.55000000          0.01226783          0.00483388          0.00591920
          2.56000000          0.01226459          0.00481158          0.00589339
          2.57000000          0.01226454          0.00478597          0.00586311
          2.58000000          0.01222113          0.00475825          0.00582925
          2.59000000          0.01217379          0.00473095          0.00579528
          2.60000000          0.01211277          0.00470458          0.00576352
          2.61000000          0.01202843          0.00468205          0.00573570
          2.62000000          0.01194433          0.00466166          0.00571039
          2.63000000          0.01184893          0.00463893          0.00568371
          2.64000000          0.01175839          0.00461479          0.00565369
          2.65000000          0.01167334          0.00459013          0.00562141
          2.66000000          0.01161605          0.00456400          0.00558903
          2.67000000          0.01157919          0.00453910          0.00555844
          2.68000000          0.01153431          0.00451707          0.00553017
          2.69000000          0.01149140          0.00449634          0.00550380
          2.70000000          0.01144487          0.00447553          0.00547775
          2.71000000          0.01137525          0.00445456          0.00545067
          2.72000000          0.01128117          0.00443115          0.00542146
          2.73000000          0.01122614          0.00440665          0.00539099
          2.74000000          0.01119178          0.00438327          0.00536145
          2.75000000          0.01111914          0.00436130          0.00533429
          2.76000000          0.01105955          0.00434066          0.00530898
          2.77000000          0.01100880          0.00432001          0.00528358
          2.78000000          0.01095483          0.00429840          0.00525710
          2.79000000          0.01089675          0.00427531          0.00522949
          2.80000000          0.01083983          0.00425182          0.00520140
          2.81000000          0.01078259          0.00422867          0.00517350
          2.82000000          0.01073598          0.00420645          0.00514694
          2.83000000          0.01070832          0.00418564          0.00512274
          2.84000000          0.01068182          0.00416559          0.00509919
          2.85000000          0.01063360          0.00414471          0.00507471
          2.86000000          0.01056499          0.00412189          0.00504827
          2.87000000          0.01055766          0.00409802          0.00502027
          2.88000000          0.01053128          0.00407384          0.00499178
          2.89000000          0.01048041          0.00405056          0.00496472
          2.90000000          0.01042588          0.00402773          0.00493870
          2.91000000          0.01034519          0.00400666          0.00491333
          2.92000000          0.01022659          0.00398625          0.00488776
          2.93000000          0.01015575          0.00396465          0.00486117
          2.94000000          0.01007939          0.00394325          0.00483379
          2.95000000          0.01001422          0.00392351          0.00480736
          2.96000000          0.00996416          0.00390414          0.00478211
          2.97000000          0.00994540          0.00388462          0.00475710
          2.98000000          0.00991998          0.00386533          0.00473180
          2.99000000          0.00989088          0.00384547          0.00470594
          3.00000000          0.00986241          0.00382504          0.00467992
          3.01000000          0.00982197          0.00380529          0.00465454
          3.02000000          0.00977027          0.00378597          0.00463014
          3.03000000          0.00971645          0.00376664          0.00460635
          3.04000000          0.00965154          0.00374763          0.00458268
          3.05000000          0.00958834          0.00372832          0.00455864
          3.06000000          0.00954935          0.00370835          0.00453391
          3.07000000          0.00952186          0.00368818          0.00450892
          3.08000000          0.00949282          0.00366853          0.00448447
          3.09000000          0.00945777          0.00364931          0.00446094
          3.10000000          0.00940730          0.00363071          0.00443803
          3.11000000          0.00934250          0.00361220          0.00441524
          3.12000000          0.00929625          0.00359332          0.00439228
          3.13000000          0.00922993          0.00357388          0.00436905
          3.14000000          0.00917726          0.00355402          0.00434540
          3.15000000          0.00911964          0.00353429          0.00432204
          3.16000000          0.00904932          0.00351447          0.00429876
          3.17000000          0.00898639          0.00349490          0.00427577
          3.18000000          0.00893700          0.00347537          0.00425317
          3.19000000          0.00887270          0.00345562          0.00423054
          3.20000000          0.00879964          0.00343675          0.00420816
          3.21000000          0.00872909          0.00341761          0.00418555
          3.22000000          0.00872170          0.00339842          0.00416260
          3.23000000          0.00871575          0.00337933          0.00413936
          3.24000000          0.00869333          0.00336064          0.00411639
          3.25000000          0.00865609          0.00334195          0.00409379
          3.26000000          0.00861137          0.00332335          0.00407148
          3.27000000          0.00855749          0.00330481          0.00404925
          3.28000000          0.00849175          0.00328614          0.00402697
          3.29000000          0.00842295          0.00326730          0.00400445
          3.30000000          0.00838398          0.00324849          0.00398181
          3.31000000          0.00838518          0.00323012          0.00395943
          3.32000000          0.00838871          0.00321224          0.00393767
          3.33000000          0.00839289          0.00319478          0.00391655
          3.34000000          0.00838709          0.00317758          0.00389574
          3.35000000          0.00836742          0.00316058          0.00387485
          3.36000000          0.00833386          0.00314338          0.00385374
          3.37000000          0.00828829          0.00312593          0.00383258
          3.38000000          0.00824687          0.00310853          0.00381164
          3.39000000          0.00821221          0.00309136          0.00379097
          3.40000000          0.00817719          0.00307426          0.00377039
          3.41000000          0.00813235          0.00305716          0.00374978
          3.42000000          0.00808248          0.00303984          0.00372892
          3.43000000          0.00803430          0.00302278          0.00370811
          3.44000000          0.00799199          0.00300599          0.00368751
          3.45000000          0.00794915          0.00298922          0.00366712
          3.46000000          0.00791071          0.00297271          0.00364688
          3.47000000          0.00787435          0.00295630          0.00362657
          3.48000000          0.00784168          0.00293979          0.00360617
          3.49000000          0.00781082          0.00292355          0.00358598
          3.50000000          0.00777909          0.00290761          0.00356629
          3.51000000          0.00774632          0.00289171          0.00354673
          3.52000000          0.00770915          0.00287594          0.00352717
          3.53000000          0.00766972          0.00285985          0.00350735
          3.54000000          0.00763294          0.00284343          0.00348733
          3.55000000          0.00758915          0.00282756          0.00346768
          3.56000000          0.00755107          0.00281284          0.00344883
          3.57000000          0.00751647          0.00279811          0.00343015
          3.58000000          0.00747998          0.00278327          0.00341127
          3.59000000          0.00744674          0.00276827          0.00339203
          3.60000000          0.00741389          0.00275281          0.00337256
          3.61000000          0.00737901          0.00273745          0.00335325
          3.62000000          0.00733895          0.00272268          0.00333445
          3.63000000          0.00729746          0.00270822          0.00331621
          3.64000000          0.00725845          0.00269383          0.00329829
          3.65000000          0.00721775          0.00267940          0.00328032
          3.66000000          0.00717812          0.00266478          0.00326208
          3.67000000          0.00713761          0.00264993          0.00324357
          3.68000000          0.00709937          0.00263515          0.00322511
          3.69000000          0.00706223          0.00262046          0.00320696
          3.70000000          0.00702530          0.00260607          0.00318924
          3.71000000          0.00698536          0.00259202          0.00317178
          3.72000000          0.00694137          0.00257796          0.00315430
          3.73000000          0.00689440          0.00256369          0.00313663
          3.74000000          0.00684689          0.00254928          0.00311879
          3.75000000          0.00679971          0.00253506          0.00310107
          3.76000000          0.00677090          0.00252108          0.00308374
          3.77000000          0.00674541          0.00250693          0.00306665
          3.78000000          0.00672075          0.00249280          0.00304968
          3.79000000          0.00669165          0.00247876          0.00303283
          3.80000000          0.00665598          0.00246482          0.00301605
          3.81000000          0.00660787          0.00245070          0.00299932
          3.82000000          0.00656331          0.00243673          0.00298262
          3.83000000          0.00654924          0.00242256          0.00296591
          3.84000000          0.00651738          0.00240847          0.00294925
          3.85000000          0.00647103          0.00239461          0.00293275
          3.86000000          0.00641616          0.00238090          0.00291639
          3.87000000          0.00634252          0.00236727          0.00290015
          3.88000000          0.00634328          0.00235376          0.00288403
          3.89000000          0.00633815          0.00234037          0.00286795
          3.90000000          0.00630225          0.00232700          0.00285190
          3.91000000          0.00625002          0.00231366          0.00283590
          3.92000000          0.00618077          0.00230051          0.00282005
          3.93000000          0.00618493          0.00228749          0.00280434
          3.94000000          0.00617604          0.00227446          0.00278871
          3.95000000          0.00615798          0.00226153          0.00277306
          3.96000000          0.00614194          0.00224872          0.00275738
          3.97000000          0.00613638          0.00223589          0.00274168
          3.98000000          0.00614012          0.00222304          0.00272594
          3.99000000          0.00612988          0.00221022          0.00271033
          4.00000000          0.00609926          0.00219769          0.00269505
          4.01000000          0.00605983          0.00218552          0.00268017
          4.02000000          0.00601835          0.00217352          0.00266538
          4.03000000          0.00597319          0.00216132          0.00265040
          4.04000000          0.00592442          0.00214884          0.00263517
          4.05000000          0.00587823          0.00213622          0.00261982
          4.06000000          0.00583335          0.00212374          0.00260457
          4.07000000          0.00579131          0.00211148          0.00258961
          4.08000000          0.00575321          0.00209950          0.00257501
          4.09000000          0.00571653          0.00208767          0.00256062
          4.10000000          0.00567640          0.00207587          0.00254620
          4.11000000          0.00563033          0.00206400          0.00253164
          4.12000000          0.00559968          0.00205200          0.00251697
          4.13000000          0.00558321          0.00204000          0.00250232
          4.14000000          0.00556360          0.00202824          0.00248796
          4.15000000          0.00553817          0.00201677          0.00247395
          4.16000000          0.00550615          0.00200546          0.00246014
          4.17000000          0.00546948          0.00199416          0.00244635
          4.18000000          0.00543081          0.00198283          0.00243248
          4.19000000          0.00539278          0.00197139          0.00241852
          4.20000000          0.00535398          0.00195998          0.00240459
          4.21000000          0.00531572          0.00194877          0.00239086
          4.22000000          0.00528039          0.00193777          0.00237741
          4.23000000          0.00524437          0.00192692          0.00236415
          4.24000000          0.00520756          0.00191616          0.00235094
          4.25000000          0.00517100          0.00190529          0.00233766
          4.26000000          0.00513664          0.00189434          0.00232437
          4.27000000          0.00510301          0.00188348          0.00231125
          4.28000000          0.00507009          0.00187280          0.00229824
          4.29000000          0.00503824          0.00186218          0.00228533
          4.30000000          0.00500887          0.00185152          0.00227258
          4.31000000          0.00498130          0.00184095          0.00225997
          4.32000000          0.00495189          0.00183058          0.00224743
          4.33000000          0.00492162          0.00182008          0.00223490
          4.34000000          0.00489173          0.00180938          0.00222234
          4.35000000          0.00486276          0.00179864          0.00220975
          4.36000000          0.00483501          0.00178809          0.00219719
          4.37000000          0.00480816          0.00177775          0.00218479
          4.38000000          0.00478233          0.00176766          0.00217259
          4.39000000          0.00475772          0.00175777          0.00216054
          4.40000000          0.00473175          0.00174789          0.00214848
          4.41000000          0.00470342          0.00173795          0.00213634
          4.42000000          0.00467363          0.00172786          0.00212415
          4.43000000          0.00464363          0.00171791          0.00211208
          4.44000000          0.00461369          0.00170828          0.00210023
          4.45000000          0.00458317          0.00169882          0.00208862
          4.46000000          0.00455546          0.00168942          0.00207715
          4.47000000          0.00452842          0.00167991          0.00206563
          4.48000000          0.00450176          0.00167036          0.00205393
          4.49000000          0.00447559          0.00166064          0.00204216
          4.50000000          0.00444910          0.00165109          0.00203051
          4.51000000          0.00442109          0.00164184          0.00201912
          4.52000000          0.00439430          0.00163270          0.00200800
          4.53000000          0.00436819          0.00162363          0.00199699
          4.54000000          0.00434016          0.00161459          0.00198594
          4.55000000          0.00431182          0.00160546          0.00197476
          4.56000000          0.00428463          0.00159624          0.00196354
          4.57000000          0.00425902          0.00158711          0.00195240
          4.58000000          0.00423408          0.00157831          0.00194148
          4.59000000          0.00421014          0.00156968          0.00193081
          4.60000000          0.00418644          0.00156114          0.00192029
          4.61000000          0.00416246          0.00155261          0.00190977
          4.62000000          0.00413721          0.00154401          0.00189916
          4.63000000          0.00411131          0.00153536          0.00188846
          4.64000000          0.00408591          0.00152678          0.00187783
          4.65000000          0.00406042          0.00151834          0.00186740
          4.66000000          0.00403527          0.00151006          0.00185717
          4.67000000          0.00401123          0.00150187          0.00184705
          4.68000000          0.00398816          0.00149368          0.00183692
          4.69000000          0.00396538          0.00148541          0.00182671
          4.70000000          0.00394236          0.00147709          0.00181645
          4.71000000          0.00391899          0.00146881          0.00180624
          4.72000000          0.00389536          0.00146059          0.00179618
          4.73000000          0.00387166          0.00145244          0.00178628
          4.74000000          0.00384777          0.00144452          0.00177652
          4.75000000          0.00382370          0.00143669          0.00176679
          4.76000000          0.00379916          0.00142884          0.00175700
          4.77000000          0.00377577          0.00142096          0.00174715
          4.78000000          0.00375332          0.00141308          0.00173733
          4.79000000          0.00373100          0.00140529          0.00172764
          4.80000000          0.00370896          0.00139762          0.00171812
          4.81000000          0.00368740          0.00139000          0.00170874
          4.82000000          0.00366544          0.00138244          0.00169945
          4.83000000          0.00364258          0.00137489          0.00169013
          4.84000000          0.00361936          0.00136727          0.00168075
          4.85000000          0.00359633          0.00135965          0.00167136
          4.86000000          0.00357820          0.00135211          0.00166206
          4.87000000          0.00356062          0.00134471          0.00165292
          4.88000000          0.00354278          0.00133744          0.00164394
          4.89000000          0.00352450          0.00133024          0.00163503
          4.90000000          0.00350625          0.00132305          0.00162613
          4.91000000          0.00348824          0.00131584          0.00161719
          4.92000000          0.00347091          0.00130864          0.00160823
          4.93000000          0.00345456          0.00130149          0.00159933
          4.94000000          0.00343851          0.00129441          0.00159056
          4.95000000          0.00342254          0.00128744          0.00158190
          4.96000000          0.00340626          0.00128053          0.00157330
          4.97000000          0.00338965          0.00127359          0.00156470
          4.98000000          0.00337252          0.00126663          0.00155609
          4.99000000          0.00335489          0.00125969          0.00154751
          5.00000000          0.00333719          0.00125278          0.00153899
