          0.01000000          0.00371256          0.00056538          0.00075261
          0.02000000          0.01459107          0.00215512          0.00306919
          0.03000000          0.01441734          0.00293251          0.00349835
          0.04000000          0.01379010          0.00222705          0.00285575
          0.05000000          0.01183464          0.00181624          0.00246154
          0.06000000          0.01177546          0.00186922          0.00239889
          0.07000000          0.01316199          0.00235439          0.00291807
          0.08000000          0.01368615          0.00284753          0.00362508
          0.09000000          0.01446712          0.00272740          0.00345574
          0.10000000          0.01872201          0.00263984          0.00325940
          0.11000000          0.01524498          0.00271127          0.00336855
          0.12000000          0.01784512          0.00300109          0.00374705
          0.13000000          0.02099907          0.00339760          0.00425394
          0.14000000          0.01769120          0.00350297          0.00432991
          0.15000000          0.01760666          0.00349981          0.00434648
          0.16000000          0.01620195          0.00364523          0.00453619
          0.17000000          0.01590504          0.00387980          0.00480024
          0.18000000          0.01715968          0.00415849          0.00512486
          0.19000000          0.01780987          0.00426178          0.00526107
          0.20000000          0.01759483          0.00429337          0.00525610
          0.21000000          0.01452911          0.00440953          0.00535728
          0.22000000          0.01829954          0.00457600          0.00553615
          0.23000000          0.01582377          0.00478601          0.00577630
          0.24000000          0.01713377          0.00491860          0.00591323
          0.25000000          0.02014163          0.00498797          0.00598867
          0.26000000          0.01650046          0.00506825          0.00611803
          0.27000000          0.01629000          0.00517338          0.00627385
          0.28000000          0.01731030          0.00534249          0.00648080
          0.29000000          0.01687036          0.00546142          0.00661366
          0.30000000          0.01671311          0.00553351          0.00669192
          0.31000000          0.01552193          0.00562520          0.00681079
          0.32000000          0.01659973          0.00569354          0.00691419
          0.33000000          0.01678234          0.00581434          0.00707734
          0.34000000          0.01844032          0.00593793          0.00723655
          0.35000000          0.01778806          0.00605145          0.00736308
          0.36000000          0.01895638          0.00611221          0.00746778
          0.37000000          0.01904367          0.00619018          0.00755511
          0.38000000          0.01974049          0.00631261          0.00767978
          0.39000000          0.01869367          0.00640141          0.00778554
          0.40000000          0.01911258          0.00649669          0.00789639
          0.41000000          0.01929391          0.00659031          0.00800669
          0.42000000          0.01941270          0.00664477          0.00808275
          0.43000000          0.01974188          0.00670548          0.00816050
          0.44000000          0.02033899          0.00676907          0.00823645
          0.45000000          0.02005066          0.00682563          0.00830899
          0.46000000          0.02009064          0.00688918          0.00837831
          0.47000000          0.02094330          0.00695991          0.00846589
          0.48000000          0.02097239          0.00703232          0.00857256
          0.49000000          0.02101688          0.00712817          0.00866827
          0.50000000          0.02088884          0.00719694          0.00874610
          0.51000000          0.02104018          0.00721797          0.00878650
          0.52000000          0.02123220          0.00724435          0.00884652
          0.53000000          0.02128058          0.00726662          0.00888892
          0.54000000          0.02135042          0.00731381          0.00894752
          0.55000000          0.02198681          0.00738472          0.00904293
          0.56000000          0.02250149          0.00747161          0.00915099
          0.57000000          0.02241718          0.00754186          0.00921231
          0.58000000          0.02218265          0.00756246          0.00922498
          0.59000000          0.02172890          0.00756595          0.00922955
          0.60000000          0.02136925          0.00759408          0.00926729
          0.61000000          0.02095789          0.00765918          0.00934151
          0.62000000          0.02092457          0.00771795          0.00943014
          0.63000000          0.02066516          0.00775679          0.00949655
          0.64000000          0.02075771          0.00778705          0.00953709
          0.65000000          0.02158762          0.00779263          0.00955149
          0.66000000          0.02196978          0.00780048          0.00956943
          0.67000000          0.02182447          0.00784000          0.00961676
          0.68000000          0.02170588          0.00790555          0.00969086
          0.69000000          0.02177562          0.00794982          0.00974397
          0.70000000          0.02177306          0.00795259          0.00976656
          0.71000000          0.02258958          0.00794633          0.00976450
          0.72000000          0.02306217          0.00794630          0.00977168
          0.73000000          0.02343605          0.00795937          0.00979753
          0.74000000          0.02353611          0.00799793          0.00984780
          0.75000000          0.02356346          0.00804971          0.00990335
          0.76000000          0.02340096          0.00808207          0.00993691
          0.77000000          0.02331983          0.00809595          0.00995536
          0.78000000          0.02326113          0.00808669          0.00995169
          0.79000000          0.02304144          0.00805522          0.00992914
          0.80000000          0.02272131          0.00805474          0.00993433
          0.81000000          0.02252084          0.00807877          0.00996954
          0.82000000          0.02242908          0.00811026          0.01002827
          0.83000000          0.02223480          0.00815335          0.01008809
          0.84000000          0.02254904          0.00817078          0.01011400
          0.85000000          0.02287427          0.00814205          0.01009173
          0.86000000          0.02282238          0.00810321          0.01004602
          0.87000000          0.02263877          0.00809126          0.01002960
          0.88000000          0.02308737          0.00811562          0.01006070
          0.89000000          0.02350882          0.00816176          0.01011896
          0.90000000          0.02350318          0.00820762          0.01016468
          0.91000000          0.02312068          0.00821526          0.01017056
          0.92000000          0.02269396          0.00820756          0.01014746
          0.93000000          0.02229505          0.00819067          0.01011392
          0.94000000          0.02223508          0.00817456          0.01009200
          0.95000000          0.02226306          0.00817107          0.01008750
          0.96000000          0.02224203          0.00819086          0.01010680
          0.97000000          0.02239048          0.00821351          0.01014196
          0.98000000          0.02245548          0.00822596          0.01016425
          0.99000000          0.02222062          0.00821282          0.01015224
          1.00000000          0.02210071          0.00817639          0.01011615
          1.01000000          0.02201306          0.00813555          0.01007365
          1.02000000          0.02243771          0.00811327          0.01004774
          1.03000000          0.02221768          0.00814350          0.01007662
          1.04000000          0.02230937          0.00818220          0.01012674
          1.05000000          0.02246243          0.00818805          0.01014522
          1.06000000          0.02247664          0.00817051          0.01011814
          1.07000000          0.02239548          0.00812331          0.01006409
          1.08000000          0.02223789          0.00807644          0.01001612
          1.09000000          0.02211047          0.00807431          0.01000761
          1.10000000          0.02206158          0.00809918          0.01003695
          1.11000000          0.02225929          0.00812218          0.01007389
          1.12000000          0.02236358          0.00812835          0.01007911
          1.13000000          0.02231195          0.00808753          0.01003295
          1.14000000          0.02220518          0.00804527          0.00997337
          1.15000000          0.02196742          0.00801994          0.00993441
          1.16000000          0.02185472          0.00802198          0.00993213
          1.17000000          0.02168639          0.00804436          0.00995647
          1.18000000          0.02165426          0.00805612          0.00996863
          1.19000000          0.02180262          0.00803728          0.00994258
          1.20000000          0.02178469          0.00799185          0.00988580
          1.21000000          0.02168850          0.00794364          0.00983191
          1.22000000          0.02165760          0.00793060          0.00981645
          1.23000000          0.02190163          0.00794372          0.00983538
          1.24000000          0.02195491          0.00795756          0.00985475
          1.25000000          0.02181985          0.00794485          0.00984533
          1.26000000          0.02164682          0.00791484          0.00980815
          1.27000000          0.02147877          0.00786688          0.00974997
          1.28000000          0.02137392          0.00782837          0.00969574
          1.29000000          0.02124163          0.00781933          0.00967682
          1.30000000          0.02110333          0.00782317          0.00967782
          1.31000000          0.02100010          0.00782439          0.00968026
          1.32000000          0.02085708          0.00781776          0.00966988
          1.33000000          0.02076000          0.00778981          0.00964166
          1.34000000          0.02084294          0.00775072          0.00959935
          1.35000000          0.02062498          0.00770183          0.00955135
          1.36000000          0.02042344          0.00765598          0.00950920
          1.37000000          0.02042044          0.00764692          0.00949969
          1.38000000          0.02044600          0.00765855          0.00951220
          1.39000000          0.02043020          0.00766411          0.00951906
          1.40000000          0.02036061          0.00764884          0.00949782
          1.41000000          0.02020976          0.00761840          0.00945121
          1.42000000          0.02019716          0.00758006          0.00939353
          1.43000000          0.01985831          0.00755673          0.00935657
          1.44000000          0.01979379          0.00754899          0.00933986
          1.45000000          0.01984088          0.00754413          0.00932917
          1.46000000          0.01982589          0.00753000          0.00931119
          1.47000000          0.01983694          0.00750992          0.00928228
          1.48000000          0.01977033          0.00748201          0.00924433
          1.49000000          0.01966011          0.00745507          0.00920932
          1.50000000          0.01956775          0.00743051          0.00917817
          1.51000000          0.01947145          0.00741959          0.00916124
          1.52000000          0.01947184          0.00740529          0.00914462
          1.53000000          0.01940543          0.00738143          0.00912046
          1.54000000          0.01936030          0.00734660          0.00908303
          1.55000000          0.01932516          0.00730827          0.00903903
          1.56000000          0.01928836          0.00727522          0.00900269
          1.57000000          0.01923599          0.00725283          0.00897659
          1.58000000          0.01917069          0.00723780          0.00895941
          1.59000000          0.01909771          0.00723097          0.00894760
          1.60000000          0.01901470          0.00721527          0.00892733
          1.61000000          0.01887071          0.00718209          0.00888549
          1.62000000          0.01871779          0.00714652          0.00883660
          1.63000000          0.01862294          0.00711634          0.00879830
          1.64000000          0.01864668          0.00709157          0.00876870
          1.65000000          0.01854538          0.00707179          0.00874578
          1.66000000          0.01842289          0.00705548          0.00872737
          1.67000000          0.01838367          0.00703309          0.00870316
          1.68000000          0.01841113          0.00700232          0.00866895
          1.69000000          0.01838301          0.00696793          0.00862952
          1.70000000          0.01830749          0.00693522          0.00859197
          1.71000000          0.01820423          0.00690737          0.00855980
          1.72000000          0.01808493          0.00688915          0.00853511
          1.73000000          0.01789456          0.00687594          0.00851375
          1.74000000          0.01781344          0.00685882          0.00848874
          1.75000000          0.01774367          0.00683501          0.00845560
          1.76000000          0.01760447          0.00680571          0.00841386
          1.77000000          0.01749049          0.00676906          0.00836519
          1.78000000          0.01732149          0.00674363          0.00832600
          1.79000000          0.01717302          0.00672810          0.00830149
          1.80000000          0.01710364          0.00671486          0.00828514
          1.81000000          0.01714665          0.00669894          0.00826344
          1.82000000          0.01711734          0.00667508          0.00822951
          1.83000000          0.01700339          0.00664114          0.00818739
          1.84000000          0.01692608          0.00660649          0.00814624
          1.85000000          0.01689237          0.00657622          0.00811016
          1.86000000          0.01695190          0.00655164          0.00808051
          1.87000000          0.01691464          0.00653258          0.00805586
          1.88000000          0.01686205          0.00651288          0.00803051
          1.89000000          0.01686877          0.00648492          0.00799621
          1.90000000          0.01682592          0.00644955          0.00795388
          1.91000000          0.01674337          0.00641315          0.00791050
          1.92000000          0.01663692          0.00638375          0.00787404
          1.93000000          0.01661615          0.00636196          0.00784802
          1.94000000          0.01665885          0.00634365          0.00782702
          1.95000000          0.01665686          0.00632123          0.00780084
          1.96000000          0.01661445          0.00629247          0.00776573
          1.97000000          0.01653057          0.00625551          0.00772285
          1.98000000          0.01639479          0.00621956          0.00768012
          1.99000000          0.01625493          0.00619114          0.00764666
          2.00000000          0.01612011          0.00616957          0.00762196
          2.01000000          0.01602842          0.00615134          0.00759886
          2.02000000          0.01599082          0.00613180          0.00757182
          2.03000000          0.01593208          0.00610230          0.00753494
          2.04000000          0.01584174          0.00606945          0.00749159
          2.05000000          0.01572911          0.00603738          0.00744857
          2.06000000          0.01563884          0.00601199          0.00741444
          2.07000000          0.01560816          0.00599577          0.00738967
          2.08000000          0.01551939          0.00598227          0.00736793
          2.09000000          0.01544179          0.00596107          0.00734109
          2.10000000          0.01544767          0.00593014          0.00730313
          2.11000000          0.01546702          0.00589613          0.00726024
          2.12000000          0.01549340          0.00586172          0.00721896
          2.13000000          0.01550436          0.00583131          0.00718449
          2.14000000          0.01548647          0.00580701          0.00715742
          2.15000000          0.01546076          0.00578625          0.00713483
          2.16000000          0.01541641          0.00576360          0.00710954
          2.17000000          0.01533473          0.00573533          0.00707677
          2.18000000          0.01521426          0.00570258          0.00703756
          2.19000000          0.01507810          0.00567055          0.00699820
          2.20000000          0.01496955          0.00564239          0.00696367
          2.21000000          0.01487655          0.00562112          0.00693750
          2.22000000          0.01476658          0.00560408          0.00691645
          2.23000000          0.01463752          0.00558444          0.00689342
          2.24000000          0.01465716          0.00555812          0.00686193
          2.25000000          0.01462616          0.00552588          0.00682302
          2.26000000          0.01458294          0.00549024          0.00678194
          2.27000000          0.01455877          0.00545794          0.00674554
          2.28000000          0.01454072          0.00543087          0.00671522
          2.29000000          0.01450209          0.00540855          0.00668985
          2.30000000          0.01446898          0.00538928          0.00666650
          2.31000000          0.01440782          0.00536777          0.00664016
          2.32000000          0.01431599          0.00534163          0.00660810
          2.33000000          0.01418107          0.00530893          0.00656848
          2.34000000          0.01405911          0.00527592          0.00652762
          2.35000000          0.01394083          0.00524932          0.00649244
          2.36000000          0.01381278          0.00523000          0.00646438
          2.37000000          0.01374075          0.00521386          0.00644068
          2.38000000          0.01370921          0.00519702          0.00641609
          2.39000000          0.01363461          0.00517462          0.00638688
          2.40000000          0.01355088          0.00514621          0.00635088
          2.41000000          0.01345256          0.00511438          0.00631076
          2.42000000          0.01336242          0.00508413          0.00627331
          2.43000000          0.01326724          0.00506039          0.00624376
          2.44000000          0.01320554          0.00504251          0.00622157
          2.45000000          0.01317153          0.00502522          0.00620059
          2.46000000          0.01313048          0.00500205          0.00617298
          2.47000000          0.01306921          0.00497304          0.00613742
          2.48000000          0.01301126          0.00494172          0.00609883
          2.49000000          0.01296297          0.00491227          0.00606307
          2.50000000          0.01293720          0.00488756          0.00603387
          2.51000000          0.01292394          0.00486852          0.00601066
          2.52000000          0.01290073          0.00484926          0.00598764
          2.53000000          0.01285867          0.00482652          0.00595990
          2.54000000          0.01278436          0.00480070          0.00592697
          2.55000000          0.01270106          0.00477185          0.00589101
          2.56000000          0.01263720          0.00474485          0.00585742
          2.57000000          0.01256100          0.00472189          0.00582839
          2.58000000          0.01247845          0.00470151          0.00580281
          2.59000000          0.01242203          0.00468130          0.00577728
          2.60000000          0.01237703          0.00465951          0.00574975
          2.61000000          0.01227928          0.00463470          0.00571860
          2.62000000          0.01215819          0.00460822          0.00568549
          2.63000000          0.01210448          0.00458256          0.00565395
          2.64000000          0.01205633          0.00455945          0.00562595
          2.65000000          0.01194505          0.00453907          0.00560019
          2.66000000          0.01187255          0.00451856          0.00557456
          2.67000000          0.01179697          0.00449743          0.00554775
          2.68000000          0.01172425          0.00447447          0.00551897
          2.69000000          0.01166548          0.00445001          0.00548870
          2.70000000          0.01161258          0.00442583          0.00545855
          2.71000000          0.01155891          0.00440233          0.00542975
          2.72000000          0.01151758          0.00438065          0.00540294
          2.73000000          0.01147096          0.00435990          0.00537729
          2.74000000          0.01142520          0.00433824          0.00535084
          2.75000000          0.01136080          0.00431573          0.00532247
          2.76000000          0.01128798          0.00429226          0.00529269
          2.77000000          0.01122507          0.00426853          0.00526345
          2.78000000          0.01117571          0.00424590          0.00523563
          2.79000000          0.01111242          0.00422468          0.00520927
          2.80000000          0.01103405          0.00420398          0.00518365
          2.81000000          0.01096483          0.00418344          0.00515793
          2.82000000          0.01089178          0.00416198          0.00513094
          2.83000000          0.01082519          0.00413852          0.00510179
          2.84000000          0.01076491          0.00411547          0.00507214
          2.85000000          0.01069926          0.00409359          0.00504379
          2.86000000          0.01063728          0.00407299          0.00501751
          2.87000000          0.01056697          0.00405442          0.00499319
          2.88000000          0.01048658          0.00403622          0.00496948
          2.89000000          0.01040284          0.00401630          0.00494431
          2.90000000          0.01035942          0.00399574          0.00491815
          2.91000000          0.01032249          0.00397442          0.00489143
          2.92000000          0.01027263          0.00395308          0.00486537
          2.93000000          0.01022962          0.00393233          0.00484064
          2.94000000          0.01016494          0.00391241          0.00481697
          2.95000000          0.01009019          0.00389232          0.00479260
          2.96000000          0.01002516          0.00387168          0.00476757
          2.97000000          0.00996324          0.00385097          0.00474265
          2.98000000          0.00989909          0.00383078          0.00471835
          2.99000000          0.00983453          0.00381094          0.00469469
          3.00000000          0.00977497          0.00379109          0.00467114
          3.01000000          0.00972246          0.00377117          0.00464716
          3.02000000          0.00968490          0.00375077          0.00462241
          3.03000000          0.00964055          0.00372987          0.00459715
          3.04000000          0.00960143          0.00370891          0.00457193
          3.05000000          0.00953994          0.00368856          0.00454723
          3.06000000          0.00947508          0.00366889          0.00452329
          3.07000000          0.00941366          0.00364959          0.00449986
          3.08000000          0.00935716          0.00363022          0.00447618
          3.09000000          0.00930465          0.00361037          0.00445186
          3.10000000          0.00925938          0.00358999          0.00442704
          3.11000000          0.00921394          0.00356975          0.00440224
          3.12000000          0.00916932          0.00354985          0.00437779
          3.13000000          0.00912191          0.00353043          0.00435382
          3.14000000          0.00906534          0.00351216          0.00433050
          3.15000000          0.00901091          0.00349389          0.00430713
          3.16000000          0.00897902          0.00347613          0.00428374
          3.17000000          0.00893472          0.00345854          0.00426016
          3.18000000          0.00888546          0.00344015          0.00423630
          3.19000000          0.00881607          0.00342183          0.00421273
          3.20000000          0.00871462          0.00340365          0.00418915
          3.21000000          0.00866846          0.00338543          0.00416587
          3.22000000          0.00865407          0.00336696          0.00414306
          3.23000000          0.00862023          0.00334932          0.00412089
          3.24000000          0.00856928          0.00333167          0.00409874
          3.25000000          0.00851039          0.00331350          0.00407631
          3.26000000          0.00844618          0.00329575          0.00405396
          3.27000000          0.00837311          0.00327828          0.00403175
          3.28000000          0.00829301          0.00326126          0.00400970
          3.29000000          0.00824897          0.00324444          0.00398810
          3.30000000          0.00820124          0.00322820          0.00396703
          3.31000000          0.00814308          0.00321195          0.00394593
          3.32000000          0.00809035          0.00319523          0.00392434
          3.33000000          0.00803591          0.00317814          0.00390234
          3.34000000          0.00797827          0.00316113          0.00388038
          3.35000000          0.00792503          0.00314432          0.00385873
          3.36000000          0.00787186          0.00312769          0.00383745
          3.37000000          0.00781980          0.00311118          0.00381634
          3.38000000          0.00776415          0.00309465          0.00379524
          3.39000000          0.00771346          0.00307809          0.00377410
          3.40000000          0.00765455          0.00306151          0.00375308
          3.41000000          0.00759368          0.00304505          0.00373233
          3.42000000          0.00753588          0.00302878          0.00371206
          3.43000000          0.00747784          0.00301245          0.00369190
          3.44000000          0.00742030          0.00299620          0.00367173
          3.45000000          0.00737067          0.00297971          0.00365149
          3.46000000          0.00733189          0.00296297          0.00363130
          3.47000000          0.00730153          0.00294641          0.00361132
          3.48000000          0.00727522          0.00292989          0.00359152
          3.49000000          0.00724955          0.00291311          0.00357161
          3.50000000          0.00721752          0.00289643          0.00355156
          3.51000000          0.00718153          0.00287973          0.00353160
          3.52000000          0.00721855          0.00286305          0.00351183
          3.53000000          0.00718694          0.00284686          0.00349246
          3.54000000          0.00709588          0.00283110          0.00347350
          3.55000000          0.00702438          0.00281475          0.00345445
          3.56000000          0.00698762          0.00279818          0.00343491
          3.57000000          0.00695334          0.00278160          0.00341546
          3.58000000          0.00692173          0.00276521          0.00339648
          3.59000000          0.00689080          0.00274950          0.00337811
          3.60000000          0.00686160          0.00273418          0.00336018
          3.61000000          0.00682605          0.00271884          0.00334231
          3.62000000          0.00678312          0.00270333          0.00332410
          3.63000000          0.00673743          0.00268756          0.00330547
          3.64000000          0.00669527          0.00267164          0.00328668
          3.65000000          0.00665764          0.00265601          0.00326808
          3.66000000          0.00662427          0.00264082          0.00324994
          3.67000000          0.00659865          0.00262591          0.00323223
          3.68000000          0.00658794          0.00261112          0.00321463
          3.69000000          0.00656112          0.00259633          0.00319687
          3.70000000          0.00651054          0.00258131          0.00317882
          3.71000000          0.00645416          0.00256620          0.00316066
          3.72000000          0.00640987          0.00255131          0.00314268
          3.73000000          0.00637198          0.00253665          0.00312510
          3.74000000          0.00633623          0.00252238          0.00310784
          3.75000000          0.00630240          0.00250828          0.00309064
          3.76000000          0.00626986          0.00249393          0.00307318
          3.77000000          0.00623656          0.00247980          0.00305571
          3.78000000          0.00620403          0.00246566          0.00303832
          3.79000000          0.00617059          0.00245161          0.00302105
          3.80000000          0.00613423          0.00243813          0.00300398
          3.81000000          0.00610866          0.00242479          0.00298705
          3.82000000          0.00607712          0.00241160          0.00297025
          3.83000000          0.00604009          0.00239870          0.00295369
          3.84000000          0.00601504          0.00238573          0.00293725
          3.85000000          0.00599028          0.00237270          0.00292081
          3.86000000          0.00596251          0.00235972          0.00290438
          3.87000000          0.00593389          0.00234673          0.00288803
          3.88000000          0.00590353          0.00233377          0.00287178
          3.89000000          0.00587315          0.00232092          0.00285565
          3.90000000          0.00584395          0.00230812          0.00283965
          3.91000000          0.00581511          0.00229532          0.00282374
          3.92000000          0.00578812          0.00228265          0.00280786
          3.93000000          0.00576103          0.00226995          0.00279199
          3.94000000          0.00573375          0.00225720          0.00277620
          3.95000000          0.00570509          0.00224453          0.00276056
          3.96000000          0.00567542          0.00223210          0.00274514
          3.97000000          0.00564566          0.00221972          0.00272989
          3.98000000          0.00561505          0.00220732          0.00271485
          3.99000000          0.00558379          0.00219492          0.00269989
          4.00000000          0.00555215          0.00218244          0.00268474
          4.01000000          0.00552290          0.00216989          0.00266939
          4.02000000          0.00549399          0.00215730          0.00265410
          4.03000000          0.00546720          0.00214504          0.00263914
          4.04000000          0.00544013          0.00213310          0.00262457
          4.05000000          0.00541416          0.00212136          0.00261024
          4.06000000          0.00539031          0.00210964          0.00259593
          4.07000000          0.00536751          0.00209772          0.00258146
          4.08000000          0.00534216          0.00208564          0.00256679
          4.09000000          0.00531554          0.00207375          0.00255208
          4.10000000          0.00528938          0.00206196          0.00253754
          4.11000000          0.00526324          0.00205039          0.00252329
          4.12000000          0.00523692          0.00203917          0.00250937
          4.13000000          0.00521098          0.00202812          0.00249554
          4.14000000          0.00518929          0.00201693          0.00248162
          4.15000000          0.00516941          0.00200555          0.00246750
          4.16000000          0.00514943          0.00199406          0.00245331
          4.17000000          0.00512780          0.00198270          0.00243928
          4.18000000          0.00510544          0.00197164          0.00242552
          4.19000000          0.00508392          0.00196079          0.00241201
          4.20000000          0.00506372          0.00195000          0.00239862
          4.21000000          0.00504191          0.00193914          0.00238518
          4.22000000          0.00501960          0.00192816          0.00237161
          4.23000000          0.00499824          0.00191717          0.00235800
          4.24000000          0.00497828          0.00190629          0.00234451
          4.25000000          0.00495807          0.00189563          0.00233125
          4.26000000          0.00493569          0.00188518          0.00231820
          4.27000000          0.00491267          0.00187465          0.00230517
          4.28000000          0.00488542          0.00186428          0.00229225
          4.29000000          0.00486102          0.00185403          0.00227947
          4.30000000          0.00483827          0.00184366          0.00226671
          4.31000000          0.00481476          0.00183342          0.00225397
          4.32000000          0.00478939          0.00182337          0.00224132
          4.33000000          0.00476559          0.00181338          0.00222884
          4.34000000          0.00474152          0.00180354          0.00221654
          4.35000000          0.00471600          0.00179393          0.00220437
          4.36000000          0.00468901          0.00178444          0.00219227
          4.37000000          0.00466007          0.00177482          0.00218013
          4.38000000          0.00463111          0.00176511          0.00216789
          4.39000000          0.00460242          0.00175545          0.00215566
          4.40000000          0.00457623          0.00174587          0.00214358
          4.41000000          0.00455325          0.00173632          0.00213173
          4.42000000          0.00453403          0.00172690          0.00212003
          4.43000000          0.00452252          0.00171756          0.00210835
          4.44000000          0.00452515          0.00170812          0.00209658
          4.45000000          0.00453967          0.00169865          0.00208473
          4.46000000          0.00453861          0.00168915          0.00207292
          4.47000000          0.00452023          0.00167986          0.00206131
          4.48000000          0.00444310          0.00167082          0.00204994
          4.49000000          0.00436277          0.00166187          0.00203876
          4.50000000          0.00432169          0.00165292          0.00202761
          4.51000000          0.00432695          0.00164394          0.00201635
          4.52000000          0.00432020          0.00163479          0.00200496
          4.53000000          0.00430778          0.00162556          0.00199358
          4.54000000          0.00428991          0.00161653          0.00198236
          4.55000000          0.00427194          0.00160772          0.00197140
          4.56000000          0.00425205          0.00159901          0.00196062
          4.57000000          0.00423147          0.00159034          0.00194988
          4.58000000          0.00420962          0.00158160          0.00193908
          4.59000000          0.00418657          0.00157268          0.00192817
          4.60000000          0.00416334          0.00156374          0.00191723
          4.61000000          0.00414079          0.00155489          0.00190643
          4.62000000          0.00411986          0.00154625          0.00189585
          4.63000000          0.00409974          0.00153782          0.00188547
          4.64000000          0.00407992          0.00152940          0.00187517
          4.65000000          0.00406021          0.00152089          0.00186479
          4.66000000          0.00403977          0.00151232          0.00185431
          4.67000000          0.00401855          0.00150375          0.00184385
          4.68000000          0.00399685          0.00149529          0.00183352
          4.69000000          0.00397496          0.00148699          0.00182338
          4.70000000          0.00395361          0.00147883          0.00181341
          4.71000000          0.00393296          0.00147072          0.00180348
          4.72000000          0.00391281          0.00146257          0.00179352
          4.73000000          0.00389328          0.00145440          0.00178348
          4.74000000          0.00387431          0.00144620          0.00177342
          4.75000000          0.00385539          0.00143806          0.00176346
          4.76000000          0.00383589          0.00143011          0.00175366
          4.77000000          0.00381648          0.00142227          0.00174403
          4.78000000          0.00379759          0.00141450          0.00173450
          4.79000000          0.00377753          0.00140674          0.00172496
          4.80000000          0.00375711          0.00139893          0.00171538
          4.81000000          0.00373695          0.00139108          0.00170577
          4.82000000          0.00371729          0.00138327          0.00169620
          4.83000000          0.00369887          0.00137558          0.00168679
          4.84000000          0.00368118          0.00136805          0.00167756
          4.85000000          0.00366375          0.00136063          0.00166845
          4.86000000          0.00364622          0.00135323          0.00165936
          4.87000000          0.00362830          0.00134578          0.00165023
          4.88000000          0.00360944          0.00133829          0.00164105
          4.89000000          0.00359043          0.00133081          0.00163190
          4.90000000          0.00357157          0.00132341          0.00162284
          4.91000000          0.00355319          0.00131616          0.00161394
          4.92000000          0.00353540          0.00130899          0.00160518
          4.93000000          0.00351817          0.00130185          0.00159644
          4.94000000          0.00350081          0.00129469          0.00158768
          4.95000000          0.00348343          0.00128746          0.00157888
          4.96000000          0.00346626          0.00128029          0.00157010
          4.97000000          0.00344875          0.00127321          0.00156143
          4.98000000          0.00343130          0.00126626          0.00155289
          4.99000000          0.00341391          0.00125939          0.00154445
          5.00000000          0.00339642          0.00125251          0.00153604
