          0.01000000          0.00423954          0.00069586          0.00092331
          0.02000000          0.01406859          0.00170906          0.00253770
          0.03000000          0.01384546          0.00228462          0.00298725
          0.04000000          0.01309250          0.00224433          0.00294341
          0.05000000          0.01312829          0.00233924          0.00294586
          0.06000000          0.01058198          0.00244816          0.00291369
          0.07000000          0.01289916          0.00268607          0.00324816
          0.08000000          0.01372254          0.00312571          0.00385564
          0.09000000          0.01265915          0.00339308          0.00399704
          0.10000000          0.01329914          0.00365772          0.00409208
          0.11000000          0.01523508          0.00392233          0.00435329
          0.12000000          0.01709262          0.00423948          0.00473884
          0.13000000          0.02003535          0.00459528          0.00519155
          0.14000000          0.01596940          0.00494616          0.00549601
          0.15000000          0.01549171          0.00525854          0.00575137
          0.16000000          0.01783857          0.00553055          0.00603160
          0.17000000          0.01764747          0.00578992          0.00633816
          0.18000000          0.01605132          0.00608094          0.00667313
          0.19000000          0.01756544          0.00638204          0.00694401
          0.20000000          0.01603178          0.00662384          0.00711149
          0.21000000          0.01472666          0.00684281          0.00729792
          0.22000000          0.01569886          0.00705137          0.00751645
          0.23000000          0.01572144          0.00728623          0.00779725
          0.24000000          0.01764084          0.00751380          0.00803116
          0.25000000          0.01842467          0.00772033          0.00821353
          0.26000000          0.01661223          0.00792512          0.00842045
          0.27000000          0.01630180          0.00810716          0.00862606
          0.28000000          0.01764182          0.00830565          0.00885456
          0.29000000          0.01708830          0.00851138          0.00907150
          0.30000000          0.01649999          0.00869660          0.00924054
          0.31000000          0.01778537          0.00886869          0.00941396
          0.32000000          0.01647477          0.00904015          0.00958684
          0.33000000          0.01678038          0.00922197          0.00979401
          0.34000000          0.01883284          0.00940525          0.00999107
          0.35000000          0.01763814          0.00957880          0.01015737
          0.36000000          0.01887944          0.00974920          0.01034186
          0.37000000          0.01956958          0.00989432          0.01049915
          0.38000000          0.01903590          0.01003935          0.01066531
          0.39000000          0.01987285          0.01019089          0.01081364
          0.40000000          0.02010763          0.01033314          0.01095318
          0.41000000          0.01978348          0.01046964          0.01108697
          0.42000000          0.01953058          0.01059926          0.01121720
          0.43000000          0.02028202          0.01073083          0.01136293
          0.44000000          0.02034094          0.01087002          0.01151778
          0.45000000          0.02000363          0.01098701          0.01164683
          0.46000000          0.02013216          0.01109733          0.01174428
          0.47000000          0.02096835          0.01119993          0.01185121
          0.48000000          0.02100259          0.01130073          0.01197371
          0.49000000          0.02104817          0.01141767          0.01209436
          0.50000000          0.02087747          0.01153334          0.01220208
          0.51000000          0.02100975          0.01163640          0.01230335
          0.52000000          0.02129398          0.01172490          0.01240937
          0.53000000          0.02199671          0.01181143          0.01250215
          0.54000000          0.02137992          0.01190280          0.01259242
          0.55000000          0.02199967          0.01199060          0.01268538
          0.56000000          0.02250058          0.01208216          0.01277606
          0.57000000          0.02241531          0.01217128          0.01285993
          0.58000000          0.02219057          0.01225087          0.01294063
          0.59000000          0.02292048          0.01232731          0.01301975
          0.60000000          0.02325798          0.01240401          0.01310043
          0.61000000          0.02327133          0.01247639          0.01317328
          0.62000000          0.02312265          0.01253958          0.01323502
          0.63000000          0.02254187          0.01260263          0.01329855
          0.64000000          0.02252042          0.01266312          0.01336495
          0.65000000          0.02271074          0.01272167          0.01342975
          0.66000000          0.02286262          0.01278301          0.01349395
          0.67000000          0.02302290          0.01283615          0.01355184
          0.68000000          0.02321801          0.01289470          0.01360814
          0.69000000          0.02281213          0.01295004          0.01366129
          0.70000000          0.02260081          0.01299176          0.01370839
          0.71000000          0.02267749          0.01304249          0.01375339
          0.72000000          0.02303968          0.01309208          0.01379754
          0.73000000          0.02340564          0.01313611          0.01384205
          0.74000000          0.02353440          0.01317030          0.01387994
          0.75000000          0.02356456          0.01320382          0.01391232
          0.76000000          0.02341621          0.01323683          0.01394538
          0.77000000          0.02333849          0.01326185          0.01397973
          0.78000000          0.02327728          0.01329590          0.01401044
          0.79000000          0.02305279          0.01332660          0.01403736
          0.80000000          0.02272639          0.01335567          0.01406510
          0.81000000          0.02252127          0.01338438          0.01409310
          0.82000000          0.02266350          0.01341186          0.01411978
          0.83000000          0.02257116          0.01343812          0.01414551
          0.84000000          0.02270222          0.01346246          0.01417185
          0.85000000          0.02289508          0.01347930          0.01419022
          0.86000000          0.02290237          0.01349421          0.01420454
          0.87000000          0.02273922          0.01351101          0.01421996
          0.88000000          0.02308523          0.01351950          0.01423142
          0.89000000          0.02350813          0.01352964          0.01424208
          0.90000000          0.02349652          0.01354294          0.01425242
          0.91000000          0.02311436          0.01354882          0.01425755
          0.92000000          0.02285482          0.01355891          0.01426465
          0.93000000          0.02274884          0.01356803          0.01427142
          0.94000000          0.02273279          0.01357346          0.01427611
          0.95000000          0.02279449          0.01357658          0.01427714
          0.96000000          0.02267961          0.01357766          0.01427538
          0.97000000          0.02256166          0.01357294          0.01427281
          0.98000000          0.02245589          0.01356734          0.01427041
          0.99000000          0.02221922          0.01356532          0.01426744
          1.00000000          0.02211385          0.01356370          0.01426241
          1.01000000          0.02200931          0.01356150          0.01425770
          1.02000000          0.02247117          0.01356137          0.01425199
          1.03000000          0.02222165          0.01356034          0.01424574
          1.04000000          0.02230426          0.01355225          0.01423753
          1.05000000          0.02246215          0.01354381          0.01422747
          1.06000000          0.02248096          0.01353361          0.01421227
          1.07000000          0.02239893          0.01352268          0.01419846
          1.08000000          0.02224048          0.01351211          0.01418757
          1.09000000          0.02222618          0.01350039          0.01417571
          1.10000000          0.02206861          0.01348307          0.01416291
          1.11000000          0.02225707          0.01346966          0.01414718
          1.12000000          0.02236081          0.01345470          0.01412893
          1.13000000          0.02230896          0.01343603          0.01410800
          1.14000000          0.02220289          0.01341879          0.01408813
          1.15000000          0.02196592          0.01340319          0.01406890
          1.16000000          0.02185381          0.01338593          0.01404990
          1.17000000          0.02175376          0.01336736          0.01403171
          1.18000000          0.02176049          0.01334500          0.01401020
          1.19000000          0.02179904          0.01332485          0.01398623
          1.20000000          0.02178286          0.01330360          0.01396367
          1.21000000          0.02168760          0.01327882          0.01394006
          1.22000000          0.02165696          0.01325720          0.01391682
          1.23000000          0.02190218          0.01323484          0.01389205
          1.24000000          0.02195195          0.01320965          0.01386537
          1.25000000          0.02180671          0.01318483          0.01383895
          1.26000000          0.02163632          0.01315820          0.01381026
          1.27000000          0.02146717          0.01313005          0.01378022
          1.28000000          0.02144356          0.01310308          0.01374780
          1.29000000          0.02141416          0.01307377          0.01371470
          1.30000000          0.02132475          0.01304166          0.01367968
          1.31000000          0.02126171          0.01300958          0.01364535
          1.32000000          0.02104137          0.01297977          0.01361264
          1.33000000          0.02075988          0.01295203          0.01358243
          1.34000000          0.02085061          0.01292525          0.01355277
          1.35000000          0.02062996          0.01289544          0.01352087
          1.36000000          0.02042674          0.01286348          0.01348713
          1.37000000          0.02042246          0.01283297          0.01345360
          1.38000000          0.02044376          0.01280270          0.01341964
          1.39000000          0.02042808          0.01277097          0.01338616
          1.40000000          0.02035888          0.01273848          0.01335281
          1.41000000          0.02020842          0.01270671          0.01331931
          1.42000000          0.02021047          0.01267372          0.01328458
          1.43000000          0.02032180          0.01263898          0.01325024
          1.44000000          0.02039289          0.01260434          0.01321353
          1.45000000          0.02045761          0.01256899          0.01317557
          1.46000000          0.02043341          0.01253084          0.01313655
          1.47000000          0.02043506          0.01249459          0.01309796
          1.48000000          0.02047237          0.01245836          0.01305889
          1.49000000          0.02045707          0.01242073          0.01302006
          1.50000000          0.02036843          0.01238272          0.01298039
          1.51000000          0.02017444          0.01234637          0.01294058
          1.52000000          0.02004429          0.01230852          0.01290015
          1.53000000          0.02008805          0.01226990          0.01286015
          1.54000000          0.02008211          0.01223118          0.01281978
          1.55000000          0.02012254          0.01219287          0.01277884
          1.56000000          0.02009646          0.01215559          0.01273864
          1.57000000          0.02009794          0.01211906          0.01269917
          1.58000000          0.02005388          0.01208138          0.01265916
          1.59000000          0.02001704          0.01204440          0.01261901
          1.60000000          0.02006340          0.01200675          0.01257848
          1.61000000          0.02012435          0.01196855          0.01253687
          1.62000000          0.02018968          0.01192794          0.01249413
          1.63000000          0.02019813          0.01188560          0.01245112
          1.64000000          0.02004737          0.01184441          0.01240695
          1.65000000          0.01983220          0.01180273          0.01236284
          1.66000000          0.01962045          0.01176057          0.01231856
          1.67000000          0.01940144          0.01172051          0.01227464
          1.68000000          0.01916283          0.01167999          0.01223085
          1.69000000          0.01898660          0.01163831          0.01218745
          1.70000000          0.01878008          0.01159586          0.01214364
          1.71000000          0.01859767          0.01155432          0.01209990
          1.72000000          0.01845464          0.01151315          0.01205590
          1.73000000          0.01830848          0.01147314          0.01201195
          1.74000000          0.01818934          0.01143231          0.01196823
          1.75000000          0.01814983          0.01139005          0.01192326
          1.76000000          0.01819698          0.01134766          0.01187767
          1.77000000          0.01823308          0.01130435          0.01183202
          1.78000000          0.01822049          0.01126160          0.01178713
          1.79000000          0.01816781          0.01121797          0.01174252
          1.80000000          0.01804846          0.01117365          0.01169818
          1.81000000          0.01793084          0.01113047          0.01165311
          1.82000000          0.01784099          0.01108790          0.01160761
          1.83000000          0.01785823          0.01104432          0.01156167
          1.84000000          0.01783097          0.01099986          0.01151554
          1.85000000          0.01774024          0.01095614          0.01146933
          1.86000000          0.01760870          0.01090962          0.01142234
          1.87000000          0.01750289          0.01086320          0.01137521
          1.88000000          0.01736817          0.01081930          0.01132947
          1.89000000          0.01722007          0.01077594          0.01128366
          1.90000000          0.01715986          0.01073235          0.01123795
          1.91000000          0.01707610          0.01068913          0.01119202
          1.92000000          0.01703076          0.01064633          0.01114568
          1.93000000          0.01686640          0.01060228          0.01109897
          1.94000000          0.01667682          0.01055843          0.01105235
          1.95000000          0.01666311          0.01051498          0.01100574
          1.96000000          0.01661969          0.01047075          0.01095882
          1.97000000          0.01653491          0.01042590          0.01091168
          1.98000000          0.01639816          0.01038171          0.01086494
          1.99000000          0.01625750          0.01033726          0.01081827
          2.00000000          0.01612251          0.01029218          0.01077203
          2.01000000          0.01603071          0.01024867          0.01072596
          2.02000000          0.01599045          0.01020528          0.01067983
          2.03000000          0.01593177          0.01016185          0.01063407
          2.04000000          0.01584152          0.01011904          0.01058832
          2.05000000          0.01573909          0.01007519          0.01054245
          2.06000000          0.01569955          0.01003033          0.01049641
          2.07000000          0.01561209          0.00998499          0.01044967
          2.08000000          0.01551941          0.00994239          0.01040278
          2.09000000          0.01544180          0.00989760          0.01035635
          2.10000000          0.01544448          0.00985285          0.01031044
          2.11000000          0.01546398          0.00980877          0.01026454
          2.12000000          0.01549060          0.00976501          0.01021836
          2.13000000          0.01550220          0.00972141          0.01017255
          2.14000000          0.01548498          0.00967771          0.01012662
          2.15000000          0.01545995          0.00963471          0.01008134
          2.16000000          0.01541614          0.00959220          0.01003640
          2.17000000          0.01533413          0.00954991          0.00999158
          2.18000000          0.01521352          0.00950769          0.00994669
          2.19000000          0.01507779          0.00946480          0.00990149
          2.20000000          0.01496966          0.00942150          0.00985600
          2.21000000          0.01487689          0.00937827          0.00981102
          2.22000000          0.01476724          0.00933531          0.00976611
          2.23000000          0.01464789          0.00929211          0.00972100
          2.24000000          0.01466693          0.00924893          0.00967576
          2.25000000          0.01463525          0.00920624          0.00963085
          2.26000000          0.01459154          0.00916387          0.00958614
          2.27000000          0.01455153          0.00912163          0.00954170
          2.28000000          0.01453379          0.00907975          0.00949748
          2.29000000          0.01449533          0.00903799          0.00945342
          2.30000000          0.01446209          0.00899625          0.00940925
          2.31000000          0.01440057          0.00895395          0.00936496
          2.32000000          0.01430826          0.00891182          0.00932085
          2.33000000          0.01418801          0.00886942          0.00927656
          2.34000000          0.01406526          0.00882688          0.00923203
          2.35000000          0.01394620          0.00878424          0.00918755
          2.36000000          0.01383173          0.00874255          0.00914284
          2.37000000          0.01372661          0.00870045          0.00909833
          2.38000000          0.01369254          0.00865848          0.00905451
          2.39000000          0.01361712          0.00861569          0.00901077
          2.40000000          0.01356033          0.00857362          0.00896722
          2.41000000          0.01352102          0.00853206          0.00892408
          2.42000000          0.01352455          0.00848990          0.00888076
          2.43000000          0.01347344          0.00844802          0.00883758
          2.44000000          0.01339022          0.00840621          0.00879460
          2.45000000          0.01331609          0.00836455          0.00875173
          2.46000000          0.01321584          0.00832320          0.00870906
          2.47000000          0.01310934          0.00828204          0.00866628
          2.48000000          0.01304203          0.00824125          0.00862358
          2.49000000          0.01294546          0.00820046          0.00858102
          2.50000000          0.01291259          0.00815911          0.00853857
          2.51000000          0.01289849          0.00811805          0.00849639
          2.52000000          0.01287432          0.00807747          0.00845417
          2.53000000          0.01283126          0.00803692          0.00841182
          2.54000000          0.01275599          0.00799670          0.00836950
          2.55000000          0.01268922          0.00795702          0.00832753
          2.56000000          0.01262970          0.00791743          0.00828582
          2.57000000          0.01255341          0.00787823          0.00824414
          2.58000000          0.01247075          0.00783894          0.00820241
          2.59000000          0.01241648          0.00779932          0.00816063
          2.60000000          0.01237087          0.00775929          0.00811895
          2.61000000          0.01227285          0.00771984          0.00807753
          2.62000000          0.01215940          0.00768078          0.00803643
          2.63000000          0.01214963          0.00764159          0.00799547
          2.64000000          0.01210263          0.00760329          0.00795467
          2.65000000          0.01199255          0.00756530          0.00791385
          2.66000000          0.01185434          0.00752653          0.00787313
          2.67000000          0.01177939          0.00748801          0.00783283
          2.68000000          0.01170716          0.00744988          0.00779271
          2.69000000          0.01166082          0.00741196          0.00775280
          2.70000000          0.01160909          0.00737426          0.00771327
          2.71000000          0.01155512          0.00733665          0.00767390
          2.72000000          0.01151335          0.00729865          0.00763432
          2.73000000          0.01146625          0.00726086          0.00759467
          2.74000000          0.01142336          0.00722355          0.00755523
          2.75000000          0.01135823          0.00718656          0.00751605
          2.76000000          0.01128469          0.00714957          0.00747709
          2.77000000          0.01122346          0.00711284          0.00743848
          2.78000000          0.01117320          0.00707631          0.00740014
          2.79000000          0.01110908          0.00703986          0.00736205
          2.80000000          0.01102990          0.00700348          0.00732412
          2.81000000          0.01095986          0.00696736          0.00728630
          2.82000000          0.01088600          0.00693118          0.00724853
          2.83000000          0.01081743          0.00689478          0.00721088
          2.84000000          0.01075665          0.00685891          0.00717342
          2.85000000          0.01069061          0.00682330          0.00713622
          2.86000000          0.01062853          0.00678759          0.00709905
          2.87000000          0.01056017          0.00675229          0.00706211
          2.88000000          0.01053332          0.00671707          0.00702524
          2.89000000          0.01048198          0.00668159          0.00698838
          2.90000000          0.01042700          0.00664629          0.00695157
          2.91000000          0.01034591          0.00661126          0.00691485
          2.92000000          0.01025742          0.00657660          0.00687842
          2.93000000          0.01021486          0.00654216          0.00684211
          2.94000000          0.01015087          0.00650760          0.00680594
          2.95000000          0.01007685          0.00647366          0.00676998
          2.96000000          0.00999798          0.00643996          0.00673435
          2.97000000          0.00994227          0.00640647          0.00669901
          2.98000000          0.00991657          0.00637330          0.00666390
          2.99000000          0.00988721          0.00634007          0.00662887
          3.00000000          0.00985849          0.00630664          0.00659386
          3.01000000          0.00981780          0.00627349          0.00655900
          3.02000000          0.00976588          0.00624050          0.00652432
          3.03000000          0.00971191          0.00620740          0.00648976
          3.04000000          0.00964691          0.00617436          0.00645531
          3.05000000          0.00958362          0.00614141          0.00642094
          3.06000000          0.00954630          0.00610849          0.00638663
          3.07000000          0.00951871          0.00607564          0.00635243
          3.08000000          0.00948954          0.00604301          0.00631838
          3.09000000          0.00945438          0.00601047          0.00628453
          3.10000000          0.00940381          0.00597791          0.00625077
          3.11000000          0.00934523          0.00594549          0.00621714
          3.12000000          0.00929872          0.00591315          0.00618362
          3.13000000          0.00923225          0.00588086          0.00615023
          3.14000000          0.00917293          0.00584897          0.00611701
          3.15000000          0.00911540          0.00581719          0.00608393
          3.16000000          0.00904532          0.00578553          0.00605092
          3.17000000          0.00897165          0.00575416          0.00601802
          3.18000000          0.00892280          0.00572293          0.00598525
          3.19000000          0.00886643          0.00569171          0.00595266
          3.20000000          0.00879305          0.00566089          0.00592023
          3.21000000          0.00873161          0.00562985          0.00588784
          3.22000000          0.00872930          0.00559878          0.00585557
          3.23000000          0.00872237          0.00556815          0.00582355
          3.24000000          0.00869940          0.00553784          0.00579170
          3.25000000          0.00866187          0.00550749          0.00575997
          3.26000000          0.00861678          0.00547736          0.00572845
          3.27000000          0.00856239          0.00544765          0.00569711
          3.28000000          0.00849612          0.00541817          0.00566587
          3.29000000          0.00842657          0.00538865          0.00563477
          3.30000000          0.00837881          0.00535927          0.00560390
          3.31000000          0.00838653          0.00533013          0.00557318
          3.32000000          0.00838909          0.00530106          0.00554255
          3.33000000          0.00839238          0.00527208          0.00551208
          3.34000000          0.00838562          0.00524328          0.00548188
          3.35000000          0.00836493          0.00521464          0.00545183
          3.36000000          0.00833032          0.00518607          0.00542186
          3.37000000          0.00828404          0.00515747          0.00539198
          3.38000000          0.00824240          0.00512894          0.00536227
          3.39000000          0.00820787          0.00510058          0.00533271
          3.40000000          0.00817293          0.00507233          0.00530328
          3.41000000          0.00812807          0.00504421          0.00527401
          3.42000000          0.00807800          0.00501606          0.00524492
          3.43000000          0.00803375          0.00498804          0.00521596
          3.44000000          0.00799141          0.00496041          0.00518715
          3.45000000          0.00794855          0.00493298          0.00515847
          3.46000000          0.00791009          0.00490567          0.00512997
          3.47000000          0.00787367          0.00487853          0.00510161
          3.48000000          0.00784095          0.00485135          0.00507329
          3.49000000          0.00781005          0.00482426          0.00504505
          3.50000000          0.00777781          0.00479753          0.00501704
          3.51000000          0.00774492          0.00477091          0.00498922
          3.52000000          0.00770766          0.00474430          0.00496150
          3.53000000          0.00766814          0.00471770          0.00493384
          3.54000000          0.00763128          0.00469132          0.00490630
          3.55000000          0.00758747          0.00466508          0.00487898
          3.56000000          0.00754934          0.00463920          0.00485189
          3.57000000          0.00751466          0.00461337          0.00482499
          3.58000000          0.00747804          0.00458771          0.00479829
          3.59000000          0.00744467          0.00456230          0.00477177
          3.60000000          0.00741167          0.00453699          0.00474541
          3.61000000          0.00737666          0.00451180          0.00471920
          3.62000000          0.00733650          0.00448681          0.00469309
          3.63000000          0.00729493          0.00446189          0.00466708
          3.64000000          0.00725583          0.00443704          0.00464120
          3.65000000          0.00721506          0.00441235          0.00461543
          3.66000000          0.00717536          0.00438777          0.00458977
          3.67000000          0.00713475          0.00436324          0.00456424
          3.68000000          0.00709643          0.00433883          0.00453882
          3.69000000          0.00705923          0.00431454          0.00451351
          3.70000000          0.00702226          0.00429029          0.00448828
          3.71000000          0.00698230          0.00426613          0.00446312
          3.72000000          0.00693836          0.00424211          0.00443807
          3.73000000          0.00689146          0.00421817          0.00441314
          3.74000000          0.00684404          0.00419429          0.00438831
          3.75000000          0.00679699          0.00417058          0.00436359
          3.76000000          0.00676384          0.00414695          0.00433899
          3.77000000          0.00673832          0.00412344          0.00431457
          3.78000000          0.00671376          0.00410015          0.00429031
          3.79000000          0.00668485          0.00407715          0.00426620
          3.80000000          0.00664948          0.00405435          0.00424227
          3.81000000          0.00660193          0.00403164          0.00421848
          3.82000000          0.00654860          0.00400906          0.00419481
          3.83000000          0.00654679          0.00398664          0.00417127
          3.84000000          0.00651496          0.00396425          0.00414786
          3.85000000          0.00646861          0.00394192          0.00412457
          3.86000000          0.00641379          0.00391970          0.00410139
          3.87000000          0.00634257          0.00389757          0.00407835
          3.88000000          0.00633006          0.00387556          0.00405545
          3.89000000          0.00632461          0.00385369          0.00403269
          3.90000000          0.00628823          0.00383191          0.00401002
          3.91000000          0.00623560          0.00381021          0.00398746
          3.92000000          0.00617853          0.00378870          0.00396503
          3.93000000          0.00619189          0.00376726          0.00394269
          3.94000000          0.00618282          0.00374586          0.00392044
          3.95000000          0.00616458          0.00372455          0.00389827
          3.96000000          0.00614829          0.00370336          0.00387622
          3.97000000          0.00614226          0.00368232          0.00385429
          3.98000000          0.00614556          0.00366135          0.00383250
          3.99000000          0.00613516          0.00364056          0.00381086
          4.00000000          0.00610465          0.00361992          0.00378933
          4.01000000          0.00606542          0.00359942          0.00376793
          4.02000000          0.00602421          0.00357900          0.00374666
          4.03000000          0.00597909          0.00355868          0.00372550
          4.04000000          0.00593016          0.00353851          0.00370445
          4.05000000          0.00588382          0.00351846          0.00368350
          4.06000000          0.00583883          0.00349850          0.00366266
          4.07000000          0.00579665          0.00347863          0.00364190
          4.08000000          0.00575841          0.00345885          0.00362127
          4.09000000          0.00572161          0.00343920          0.00360075
          4.10000000          0.00568134          0.00341965          0.00358032
          4.11000000          0.00563507          0.00340023          0.00356002
          4.12000000          0.00561102          0.00338095          0.00353987
          4.13000000          0.00559444          0.00336172          0.00351978
          4.14000000          0.00557450          0.00334261          0.00349981
          4.15000000          0.00554858          0.00332363          0.00347998
          4.16000000          0.00551596          0.00330475          0.00346025
          4.17000000          0.00547873          0.00328598          0.00344064
          4.18000000          0.00543953          0.00326735          0.00342116
          4.19000000          0.00540118          0.00324880          0.00340179
          4.20000000          0.00536210          0.00323034          0.00338252
          4.21000000          0.00532364          0.00321197          0.00336335
          4.22000000          0.00528811          0.00319369          0.00334427
          4.23000000          0.00525195          0.00317551          0.00332530
          4.24000000          0.00521499          0.00315747          0.00330645
          4.25000000          0.00517825          0.00313953          0.00328774
          4.26000000          0.00514376          0.00312168          0.00326915
          4.27000000          0.00511003          0.00310390          0.00325068
          4.28000000          0.00507704          0.00308637          0.00323237
          4.29000000          0.00504512          0.00306909          0.00321425
          4.30000000          0.00501357          0.00305187          0.00319626
          4.31000000          0.00498116          0.00303476          0.00317837
          4.32000000          0.00495174          0.00301783          0.00316058
          4.33000000          0.00492148          0.00300097          0.00314292
          4.34000000          0.00489159          0.00298415          0.00312537
          4.35000000          0.00486262          0.00296739          0.00310786
          4.36000000          0.00483488          0.00295067          0.00309043
          4.37000000          0.00480803          0.00293404          0.00307308
          4.38000000          0.00478221          0.00291753          0.00305583
          4.39000000          0.00475760          0.00290114          0.00303870
          4.40000000          0.00473164          0.00288485          0.00302167
          4.41000000          0.00470331          0.00286866          0.00300473
          4.42000000          0.00467351          0.00285263          0.00298788
          4.43000000          0.00464352          0.00283669          0.00297113
          4.44000000          0.00461358          0.00282081          0.00295444
          4.45000000          0.00458307          0.00280506          0.00293788
          4.46000000          0.00455536          0.00278940          0.00292145
          4.47000000          0.00452832          0.00277385          0.00290513
          4.48000000          0.00450165          0.00275840          0.00288887
          4.49000000          0.00447549          0.00274297          0.00287271
          4.50000000          0.00444899          0.00272765          0.00285665
          4.51000000          0.00442098          0.00271248          0.00284069
          4.52000000          0.00439418          0.00269738          0.00282484
          4.53000000          0.00436806          0.00268234          0.00280906
          4.54000000          0.00434002          0.00266740          0.00279336
          4.55000000          0.00431168          0.00265255          0.00277776
          4.56000000          0.00428447          0.00263776          0.00276226
          4.57000000          0.00425886          0.00262308          0.00274685
          4.58000000          0.00423391          0.00260849          0.00273154
          4.59000000          0.00420997          0.00259398          0.00271634
          4.60000000          0.00418626          0.00257958          0.00270124
          4.61000000          0.00416228          0.00256525          0.00268623
          4.62000000          0.00413702          0.00255101          0.00267129
          4.63000000          0.00411112          0.00253685          0.00265643
          4.64000000          0.00408571          0.00252276          0.00264166
          4.65000000          0.00406023          0.00250874          0.00262698
          4.66000000          0.00403823          0.00249481          0.00261238
          4.67000000          0.00401702          0.00248096          0.00259787
          4.68000000          0.00399532          0.00246718          0.00258345
          4.69000000          0.00397343          0.00245347          0.00256910
          4.70000000          0.00395209          0.00243983          0.00255484
          4.71000000          0.00393145          0.00242627          0.00254065
          4.72000000          0.00391133          0.00241277          0.00252653
          4.73000000          0.00389182          0.00239937          0.00251248
          4.74000000          0.00387286          0.00238601          0.00249849
          4.75000000          0.00385396          0.00237273          0.00248460
          4.76000000          0.00383446          0.00235955          0.00247079
          4.77000000          0.00381505          0.00234645          0.00245708
          4.78000000          0.00379616          0.00233341          0.00244345
          4.79000000          0.00377611          0.00232047          0.00242991
          4.80000000          0.00375570          0.00230760          0.00241645
          4.81000000          0.00373555          0.00229479          0.00240308
          4.82000000          0.00371591          0.00228207          0.00238979
          4.83000000          0.00369750          0.00226942          0.00237657
          4.84000000          0.00367981          0.00225685          0.00236343
          4.85000000          0.00366238          0.00224436          0.00235036
          4.86000000          0.00364483          0.00223194          0.00233738
          4.87000000          0.00362689          0.00221959          0.00232448
          4.88000000          0.00360802          0.00220733          0.00231166
          4.89000000          0.00358899          0.00219514          0.00229892
          4.90000000          0.00357011          0.00218302          0.00228625
          4.91000000          0.00355172          0.00217098          0.00227366
          4.92000000          0.00353393          0.00215899          0.00226114
          4.93000000          0.00351671          0.00214707          0.00224868
          4.94000000          0.00349936          0.00213522          0.00223630
          4.95000000          0.00348197          0.00212344          0.00222398
          4.96000000          0.00346481          0.00211173          0.00221173
          4.97000000          0.00344729          0.00210008          0.00219954
          4.98000000          0.00342983          0.00208850          0.00218744
          4.99000000          0.00341244          0.00207699          0.00217541
          5.00000000          0.00339494          0.00206553          0.00216344
